/* CONJUNTOS */
param N_total:= 2151 ;

/* PARAMETROS */
param P:= 1123.0 ;
param R:= 100.0 ;
param c1:= 1.0 ;
param c2:= 0.2 ;
param nombre_instancia := "drp_2151_BRONX.dat" ;

param : coordx coordy flag prob_ohca:=
1 592471.200294 4525394.493178 1 0.0000
2 592589.795184 4518847.388990 1 0.0000
3 593276.408154 4522182.627442 1 0.0000
4 595690.633572 4524069.685635 1 0.0000
5 596065.641461 4519032.080248 1 0.0000
6 591738.976152 4518847.438128 1 0.0000
7 592691.264303 4520290.857448 1 0.0000
8 591394.456064 4517927.173601 1 0.0000
9 590564.639124 4519425.836629 1 0.0000
10 594976.919267 4519985.071459 1 0.0000
11 590626.222401 4518167.685761 1 0.0000
12 593589.084467 4523889.975702 1 0.0000
13 592562.822951 4519101.535817 1 0.0000
14 597371.452746 4522878.447611 1 0.0000
15 594171.028462 4523338.341157 1 0.0000
16 590355.345804 4517924.467102 1 0.0000
17 593589.084623 4523889.976131 1 0.0000
18 597976.738697 4519746.236207 1 0.0000
19 595532.614511 4522989.415015 1 0.0000
20 591102.425494 4518897.467595 1 0.0000
21 590483.220560 4520739.528560 1 0.0000
22 590932.263504 4518079.755237 1 0.0000
23 591153.243557 4521414.846030 1 0.0000
24 592338.951247 4522564.428531 1 0.0000
25 591840.241864 4526101.893707 1 0.0000
26 596654.680569 4526938.224355 1 0.0000
27 593589.084467 4523889.975702 1 0.0000
28 592426.365782 4523502.792493 1 0.0000
29 593908.382336 4522934.614697 1 0.0000
30 597371.452746 4522878.447611 1 0.0000
31 593751.418125 4519410.988724 1 0.0000
32 590932.263504 4518079.755237 1 0.0000
33 596457.094864 4519658.512982 1 0.0000
34 596520.818274 4524970.521084 1 0.0000
35 591090.823907 4519139.903615 1 0.0000
36 591274.593281 4521222.115408 1 0.0000
37 591603.128049 4523195.364408 1 0.0000
38 593696.905746 4523814.717326 1 0.0000
39 591277.001637 4518232.701961 1 0.0000
40 594765.758860 4525217.130179 1 0.0000
41 593789.049151 4522282.945847 1 0.0000
42 591847.304570 4525937.111659 1 0.0000
43 594106.576847 4524446.237374 1 0.0000
44 595772.899556 4523216.444116 1 0.0000
45 590807.313542 4520004.247413 1 0.0000
46 592566.653583 4524827.860410 1 0.0000
47 598259.095475 4525633.975807 1 0.0000
48 590568.918716 4521481.314488 1 0.0000
49 598258.032358 4525433.445695 1 0.0000
50 592937.020663 4519093.726524 1 0.0000
51 593871.990006 4518752.002058 1 0.0000
52 590215.253326 4518905.632982 1 0.0000
53 591218.734762 4521791.026546 1 0.0000
54 592023.091400 4518651.381416 1 0.0000
55 591540.744433 4520223.489555 1 0.0000
56 591089.546915 4520694.336888 1 0.0000
57 593516.954349 4526550.721444 1 0.0000
58 593442.000616 4523987.640889 1 0.0000
59 594629.211577 4520546.391062 1 0.0000
60 592694.837164 4523769.757918 1 0.0000
61 597371.452746 4522878.447611 1 0.0000
62 592517.717507 4520571.367116 1 0.0000
63 593624.071915 4520957.594360 1 0.0000
64 593307.713882 4522510.271468 1 0.0000
65 591888.292577 4523655.112489 1 0.0000
66 593589.084467 4523889.975702 1 0.0000
67 593496.561865 4524653.807724 1 0.0000
68 597150.248106 4524210.374675 1 0.0000
69 597754.560047 4526211.182943 1 0.0000
70 593386.862317 4523905.951634 1 0.0000
71 591367.447427 4522618.553960 1 0.0000
72 593817.257920 4522775.111849 1 0.0000
73 595909.407707 4527408.152067 1 0.0000
74 593812.567121 4522118.046804 1 0.0000
75 593546.199804 4521132.233901 1 0.0000
76 593589.084467 4523889.975702 1 0.0000
77 591920.549504 4517542.199076 1 0.0000
78 592130.165904 4525824.542746 1 0.0000
79 596451.573130 4519207.438877 1 0.0000
80 595691.702442 4522908.036463 1 0.0000
81 591920.355270 4522554.775201 1 0.0000
82 591958.593866 4519229.946243 1 0.0000
83 591110.023671 4519994.596181 1 0.0000
84 590751.108651 4519588.558318 1 0.0000
85 594725.185316 4526101.624077 1 0.0000
86 592143.594303 4524034.679311 1 0.0000
87 590294.240089 4520369.559272 1 0.0000
88 590281.289247 4519154.134639 1 0.0000
89 593293.404483 4522215.427551 1 0.0000
90 595973.067816 4526156.708989 1 0.0000
91 591263.673019 4520149.326237 1 0.0000
92 599574.824150 4518807.880266 1 0.0000
93 592043.512131 4519265.654553 1 0.0000
94 596817.821297 4525087.579414 1 0.0000
95 591497.811898 4517869.234079 1 0.0000
96 597019.677585 4525664.317153 1 0.0000
97 593857.521666 4518631.162099 1 0.0000
98 591390.164804 4518891.302558 1 0.0000
99 593005.631745 4522437.952947 1 0.0000
100 590354.471108 4520325.450135 1 0.0000
101 593142.035424 4524423.951020 1 0.0000
102 592921.983673 4521756.828928 1 0.0000
103 598631.523030 4524349.481734 1 0.0000
104 591376.668712 4521837.319615 1 0.0000
105 593001.188086 4524776.141439 1 0.0000
106 590994.957490 4517819.618865 1 0.0000
107 593787.588382 4523665.822912 1 0.0000
108 590637.771965 4518624.612561 1 0.0000
109 592854.063848 4519750.285385 1 0.0000
110 598258.032358 4525433.445695 1 0.0000
111 590688.280643 4521809.960633 1 0.0000
112 591421.228032 4518946.509026 1 0.0000
113 595399.418393 4521389.242848 1 0.0000
114 591580.690270 4522037.420700 1 0.0000
115 598257.419359 4525567.218821 1 0.0000
116 590348.321792 4520330.255624 1 0.0000
117 596130.881179 4527254.350914 1 0.0000
118 591226.162733 4521914.528465 1 0.0000
119 594200.106767 4522766.377121 1 0.0000
120 594579.058119 4526168.826154 1 0.0000
121 590829.048779 4518232.164666 1 0.0000
122 593780.062941 4526273.368020 1 0.0000
123 595909.407707 4527408.152067 1 0.0000
124 596808.915201 4520473.432450 1 0.0000
125 591226.162733 4521914.528465 1 0.0000
126 593142.035424 4524423.951020 1 0.0000
127 593584.811396 4523890.535925 1 0.0000
128 594573.016145 4525550.444343 1 0.0000
129 591843.799583 4519569.330200 1 0.0000
130 593346.382128 4521204.614910 1 0.0000
131 591119.999183 4518612.438113 1 0.0000
132 591253.778424 4519173.455025 1 0.0000
133 590751.108651 4519588.558318 1 0.0000
134 591516.376956 4518325.631980 1 0.0000
135 590998.879866 4517823.015663 1 0.0000
136 591707.601103 4517937.753503 1 0.0000
137 590355.345804 4517924.467102 1 0.0000
138 591642.494504 4518623.272446 1 0.0000
139 593180.912559 4526356.727207 1 0.0000
140 590982.123196 4520040.371672 1 0.0000
141 596124.160293 4520180.388264 1 0.0000
142 594260.679156 4519941.247355 1 0.0000
143 598880.818877 4522264.857748 1 0.0000
144 593362.850239 4523900.497255 1 0.0000
145 591266.052485 4517455.810661 1 0.0000
146 591957.210121 4527813.710305 1 0.0000
147 593892.487837 4522244.510360 1 0.0000
148 591563.188889 4526906.581848 1 0.0000
149 593293.404483 4522215.427551 1 0.0000
150 592197.943305 4521328.641962 1 0.0000
151 592389.336312 4520418.754414 1 0.0000
152 591310.628993 4519799.722613 1 0.0000
153 592941.007051 4523240.804162 1 0.0000
154 590645.588058 4518420.225064 1 0.0000
155 591783.136343 4520773.253356 1 0.0000
156 591562.812918 4520799.994522 1 0.0000
157 592246.673923 4523173.455659 1 0.0000
158 591162.295442 4519205.627181 1 0.0000
159 599574.824150 4518807.880266 1 0.0000
160 596433.018575 4518830.266358 1 0.0000
161 590730.223244 4521926.543590 1 0.0000
162 592078.813640 4519376.676372 1 0.0000
163 590626.222401 4518167.685761 1 0.0000
164 599003.396280 4521189.915512 1 0.0000
165 592462.449548 4519539.208961 1 0.0000
166 593523.935770 4518969.880364 1 0.0000
167 593970.319662 4518867.703523 1 0.0000
168 594200.106767 4522766.377121 1 0.0000
169 593589.084467 4523889.975702 1 0.0000
170 598674.301326 4524232.645992 1 0.0000
171 593531.149229 4518230.369368 1 0.0000
172 590353.789196 4521079.658323 1 0.0000
173 591836.074457 4519151.146504 1 0.0000
174 593022.756340 4519708.328254 1 0.0000
175 591058.670889 4518645.868334 1 0.0000
176 593589.084467 4523889.975702 1 0.0000
177 598828.976900 4523031.435577 1 0.0000
178 592592.387787 4525563.177530 1 0.0000
179 592854.063848 4519750.285385 1 0.0000
180 592854.978985 4519402.897997 1 0.0000
181 591177.976811 4520181.869151 1 0.0000
182 590926.537207 4518822.325858 1 0.0000
183 592427.815909 4522467.927804 1 0.0000
184 591594.194927 4522429.464071 1 0.0000
185 590357.241357 4520323.044781 1 0.0000
186 595585.247714 4525933.478101 1 0.0000
187 593412.908727 4526348.711631 1 0.0000
188 592533.976346 4523953.201410 1 0.0000
189 597489.272623 4528039.943459 1 0.0000
190 594277.100955 4521680.565268 1 0.0000
191 597879.670817 4521897.805102 1 0.0000
192 592458.157065 4521972.164019 1 0.0000
193 592789.448246 4522262.091817 1 0.0000
194 591208.525238 4522338.517799 1 0.0000
195 596830.637681 4524525.482909 1 0.0000
196 592681.658592 4521453.312498 1 0.0000
197 596741.980431 4521399.073708 1 0.0000
198 596869.181547 4522696.881653 1 0.0000
199 592044.524303 4528786.511038 1 0.0000
200 596157.992455 4522664.082079 1 0.0000
201 591099.703103 4518174.304043 1 0.0000
202 593589.084467 4523889.975702 1 0.0000
203 594271.273760 4523125.864328 1 0.0000
204 593650.947813 4519670.087528 1 0.0000
205 596252.566175 4522147.411408 1 0.0000
206 595739.081935 4526979.268189 1 0.0000
207 594629.211577 4520546.391062 1 0.0000
208 592366.412741 4520852.129805 1 0.0000
209 592854.063848 4519750.285385 1 0.0000
210 593161.116487 4523019.335730 1 0.0000
211 592713.088056 4525267.438404 1 0.0000
212 593780.062941 4526273.368020 1 0.0000
213 592270.216448 4519240.509354 1 0.0000
214 592486.504616 4521384.044703 1 0.0000
215 593589.084467 4523889.975702 1 0.0000
216 590932.263504 4518079.755237 1 0.0000
217 597242.924217 4521055.862302 1 0.0000
218 592663.820821 4521814.829801 1 0.0000
219 598275.142096 4525269.385726 1 0.0000
220 593751.666886 4522808.188669 1 0.0000
221 591053.280012 4521095.257840 1 0.0000
222 591441.547732 4520344.252282 1 0.0000
223 596189.764107 4520974.369142 1 0.0000
224 591818.942553 4519878.352441 1 0.0000
225 592955.000562 4520171.667215 1 0.0000
226 591261.910823 4520303.806055 1 0.0000
227 592053.961136 4518776.979873 1 0.0000
228 597371.452746 4522878.447611 1 0.0000
229 592226.626011 4526130.379903 1 0.0000
230 591815.612795 4521612.558198 1 0.0000
231 597371.452746 4522878.447611 1 0.0000
232 590535.643209 4518895.574359 1 0.0000
233 592318.262913 4521172.771222 1 0.0000
234 596457.094864 4519658.512982 1 0.0000
235 593589.084467 4523889.975702 1 0.0000
236 594200.106767 4522766.377121 1 0.0000
237 590285.940598 4520375.864025 1 0.0000
238 599003.396280 4521189.915512 1 0.0000
239 598675.893801 4524920.766588 1 0.0000
240 595957.506544 4524904.056562 1 0.0000
241 591824.941847 4519753.175016 1 0.0000
242 590568.918716 4521481.314488 1 0.0000
243 596331.825352 4520996.406444 1 0.0000
244 602406.936392 4522135.036709 1 0.0000
245 591008.126656 4523075.820300 1 0.0000
246 596025.831891 4521079.766083 1 0.0000
247 593696.905746 4523814.717326 1 0.0000
248 592043.591891 4520300.533693 1 0.0000
249 590615.369941 4520080.983556 1 0.0000
250 593589.084467 4523889.975702 1 0.0000
251 595439.696940 4528164.632505 1 0.0000
252 591347.253507 4523399.967649 1 0.0000
253 596099.751022 4523975.619972 1 0.0000
254 592800.583843 4524890.565238 1 0.0000
255 596797.125995 4525912.576306 1 0.0000
256 592248.259090 4525223.428736 1 0.0000
257 599081.345068 4524400.631757 1 0.0000
258 593438.529323 4525759.642884 1 0.0000
259 591815.612795 4521612.558198 1 0.0000
260 591777.107958 4522877.073409 1 0.0000
261 592974.347903 4526192.553361 1 0.0000
262 593594.711550 4521981.781876 1 0.0000
263 597421.690500 4521653.665116 1 0.0000
264 596126.669124 4524180.406893 1 0.0000
265 594106.576847 4524446.237374 1 0.0000
266 598542.866942 4526429.541045 1 0.0000
267 597506.036111 4523529.077213 1 0.0000
268 592918.053927 4519082.731814 1 0.0000
269 593276.341223 4523950.704760 1 0.0000
270 593589.084467 4523889.975702 1 0.0000
271 593424.951296 4519392.638756 1 0.0000
272 594442.103218 4519825.079925 1 0.0000
273 593997.970609 4525390.900953 1 0.0000
274 590542.817509 4518293.198368 1 0.0000
275 594260.030932 4519944.592110 1 0.0000
276 594067.279417 4523056.798576 1 0.0000
277 594120.300776 4515869.292261 1 0.0000
278 592023.091400 4518651.381416 1 0.0000
279 591540.744433 4520223.489555 1 0.0000
280 591594.240397 4519247.121980 1 0.0000
281 591423.278458 4521571.513183 1 0.0000
282 594138.919070 4516454.901075 1 0.0000
283 596657.943223 4523262.503415 1 0.0000
284 592744.532915 4524328.296898 1 0.0000
285 594801.256467 4526218.293390 1 0.0000
286 592226.626011 4526130.379903 1 0.0000
287 591274.593281 4521222.115408 1 0.0000
288 591394.456064 4517927.173601 1 0.0000
289 590909.041704 4522946.396152 1 0.0000
290 596054.150862 4523485.384976 1 0.0000
291 591214.812697 4525791.538672 1 0.0000
292 595957.506544 4524904.056562 1 0.0000
293 594304.425712 4523291.714890 1 0.0000
294 590637.771965 4518624.612561 1 0.0000
295 593789.049151 4522282.945847 1 0.0000
296 598614.683985 4525771.207107 1 0.0000
297 591847.304570 4525937.111659 1 0.0000
298 591367.447427 4522618.553960 1 0.0000
299 593342.566880 4519428.571933 1 0.0000
300 594525.744400 4520667.411075 1 0.0000
301 593264.007256 4523002.225457 1 0.0000
302 592874.098610 4520131.128803 1 0.0000
303 598643.372786 4522296.279826 1 0.0000
304 593372.162439 4522684.096840 1 0.0000
305 593751.418125 4519410.988724 1 0.0000
306 592681.658592 4521453.312498 1 0.0000
307 594277.100955 4521680.565268 1 0.0000
308 592694.837164 4523769.757918 1 0.0000
309 593907.231101 4520578.380997 1 0.0000
310 596130.881179 4527254.350914 1 0.0000
311 596126.669124 4524180.406893 1 0.0000
312 597371.452746 4522878.447611 1 0.0000
313 590998.283977 4521882.368237 1 0.0000
314 591090.823907 4519139.903615 1 0.0000
315 591244.287883 4519497.888620 1 0.0000
316 597150.248106 4524210.374675 1 0.0000
317 592562.822951 4519101.535817 1 0.0000
318 594765.758860 4525217.130179 1 0.0000
319 593142.035424 4524423.951020 1 0.0000
320 593589.084467 4523889.975702 1 0.0000
321 593016.471959 4522235.732507 1 0.0000
322 593650.947813 4519670.087528 1 0.0000
323 594775.255179 4525506.433649 1 0.0000
324 593727.481293 4524313.006345 1 0.0000
325 595772.899556 4523216.444116 1 0.0000
326 596654.680569 4526938.224355 1 0.0000
327 593001.188086 4524776.141439 1 0.0000
328 594012.853917 4522031.348986 1 0.0000
329 594120.359089 4516078.037275 1 0.0000
330 592415.984781 4519097.727675 1 0.0000
331 593589.084467 4523889.975702 1 0.0000
332 590994.957490 4517819.618865 1 0.0000
333 590932.263504 4518079.755237 1 0.0000
334 599574.824150 4518807.880266 1 0.0000
335 597371.452746 4522878.447611 1 0.0000
336 590829.048779 4518232.164666 1 0.0000
337 595310.466731 4519195.645866 1 0.0000
338 595399.418393 4521389.242848 1 0.0000
339 591226.162733 4521914.528465 1 0.0000
340 593276.408154 4522182.627442 1 0.0000
341 598961.609620 4520979.472882 1 0.0000
342 591949.252482 4518365.613174 1 0.0000
343 592517.717507 4520571.367116 1 0.0000
344 591603.128049 4523195.364408 1 0.0000
345 590798.391641 4520973.199266 1 0.0000
346 591603.128049 4523195.364408 1 0.0000
347 597646.409684 4519478.261724 1 0.0000
348 594474.352057 4524930.396897 1 0.0000
349 593412.908727 4526348.711631 1 0.0000
350 591273.685582 4518710.486799 1 0.0000
351 594337.013201 4521584.343254 1 0.0000
352 590231.291126 4520945.701709 1 0.0000
353 591516.341682 4526792.685739 1 0.0000
354 596252.566175 4522147.411408 1 0.0000
355 592854.063848 4519750.285385 1 0.0000
356 591102.425494 4518897.467595 1 0.0000
357 595371.387831 4525420.600985 1 0.0000
358 593817.257920 4522775.111849 1 0.0000
359 591894.352974 4523497.938335 1 0.0000
360 593836.474827 4520610.180576 1 0.0000
361 593908.382336 4522934.614697 1 0.0000
362 592791.274554 4527013.250251 1 0.0000
363 598258.032358 4525433.445695 1 0.0000
364 596451.573130 4519207.438877 1 0.0000
365 593871.990006 4518752.002058 1 0.0000
366 590439.136123 4519101.083467 1 0.0000
367 591110.023671 4519994.596181 1 0.0000
368 595359.548513 4523921.764612 1 0.0000
369 592533.976346 4523953.201410 1 0.0000
370 591218.734762 4521791.026546 1 0.0000
371 591888.292577 4523655.112489 1 0.0000
372 592626.060136 4521491.989579 1 0.0000
373 594579.058119 4526168.826154 1 0.0000
374 593585.218494 4522333.034360 1 0.0000
375 595639.834898 4522005.422135 1 0.0000
376 592023.994207 4520923.188855 1 0.0000
377 595909.407707 4527408.152067 1 0.0000
378 593589.084467 4523889.975702 1 0.0000
379 591261.119665 4521842.096036 1 0.0000
380 592038.791542 4523578.513868 1 0.0000
381 593584.811396 4523890.535925 1 0.0000
382 592038.791542 4523578.513868 1 0.0000
383 599634.248266 4520171.050610 1 0.0000
384 593857.521666 4518631.162099 1 0.0000
385 594200.106767 4522766.377121 1 0.0000
386 593589.084467 4523889.975702 1 0.0000
387 596161.889722 4519784.659698 1 0.0000
388 597904.189291 4521725.298604 1 0.0000
389 591263.673019 4520149.326237 1 0.0000
390 598267.622840 4525314.096187 1 0.0000
391 591024.015364 4520027.745477 1 0.0000
392 593274.698125 4519634.713378 1 0.0000
393 590982.123196 4520040.371672 1 0.0000
394 591836.074457 4519151.146504 1 0.0000
395 592206.944902 4528626.857239 1 0.0000
396 595151.943779 4526143.980471 1 0.0000
397 593780.062941 4526273.368020 1 0.0000
398 594553.608781 4526609.490882 1 0.0000
399 596654.680569 4526938.224355 1 0.0000
400 591563.188889 4526906.581848 1 0.0000
401 594525.744400 4520667.411075 1 0.0000
402 592924.322812 4523421.016805 1 0.0000
403 593787.588382 4523665.822912 1 0.0000
404 591777.107958 4522877.073409 1 0.0000
405 592800.583843 4524890.565238 1 0.0000
406 591075.031028 4518814.572421 1 0.0000
407 593589.084467 4523889.975702 1 0.0000
408 590360.316019 4520320.642039 1 0.0000
409 593788.600397 4521120.372343 1 0.0000
410 592314.789383 4521423.833491 1 0.0000
411 596433.018575 4518830.266358 1 0.0000
412 598275.142096 4525269.385726 1 0.0000
413 593372.162439 4522684.096840 1 0.0000
414 597371.452746 4522878.447611 1 0.0000
415 591261.910823 4520303.806055 1 0.0000
416 594013.012109 4520842.270404 1 0.0000
417 593795.765721 4520545.721948 1 0.0000
418 592720.754965 4518693.773445 1 0.0000
419 599003.396280 4521189.915512 1 0.0000
420 592078.813640 4519376.676372 1 0.0000
421 594474.352057 4524930.396897 1 0.0000
422 594200.106767 4522766.377121 1 0.0000
423 593099.045719 4518496.656967 1 0.0000
424 592557.199681 4524001.004528 1 0.0000
425 592332.443487 4521665.994713 1 0.0000
426 595922.086603 4525710.904470 1 0.0000
427 593589.084467 4523889.975702 1 0.0000
428 595541.158918 4520824.962822 1 0.0000
429 592153.699025 4519624.060307 1 0.0000
430 596520.309474 4521223.148895 1 0.0000
431 591376.668712 4521837.319615 1 0.0000
432 594629.211577 4520546.391062 1 0.0000
433 591981.565968 4518498.236009 1 0.0000
434 593589.084467 4523889.975702 1 0.0000
435 591707.601103 4517937.753503 1 0.0000
436 599574.824150 4518807.880266 1 0.0000
437 592143.594303 4524034.679311 1 0.0000
438 593274.698125 4519634.713378 1 0.0000
439 592088.028543 4522041.381869 1 0.0000
440 598267.622840 4525314.096187 1 0.0000
441 591347.253507 4523399.967649 1 0.0000
442 594012.853917 4522031.348986 1 0.0000
443 597186.051573 4520511.560294 1 0.0000
444 593589.084467 4523889.975702 1 0.0000
445 592318.262913 4521172.771222 1 0.0000
446 593970.319662 4518867.703523 1 0.0000
447 590792.366072 4519685.020153 1 0.0000
448 594755.554261 4520931.191262 1 0.0000
449 594200.106767 4522766.377121 1 0.0000
450 598675.893801 4524920.766588 1 0.0000
451 596741.980431 4521399.073708 1 0.0000
452 598091.226339 4520075.136301 1 0.0000
453 593496.561865 4524653.807724 1 0.0000
454 592210.243500 4520437.433313 1 0.0000
455 596124.160293 4520180.388264 1 0.0000
456 596566.022451 4528083.640716 1 0.0000
457 597257.034808 4521742.294439 1 0.0000
458 593896.953973 4519529.058307 1 0.0000
459 591226.162733 4521914.528465 1 0.0000
460 597684.234109 4526632.139583 1 0.0000
461 591295.520928 4518158.557857 1 0.0000
462 593696.905746 4523814.717326 1 0.0000
463 595439.696940 4528164.632505 1 0.0000
464 596982.574023 4519515.183314 1 0.0000
465 591053.280012 4521095.257840 1 0.0000
466 592977.750141 4522130.766089 1 0.0000
467 592248.259090 4525223.428736 1 0.0000
468 592052.165583 4518132.751107 1 0.0000
469 593448.650740 4525753.968792 1 0.0000
470 591562.812918 4520799.994522 1 0.0000
471 597421.690500 4521653.665116 1 0.0000
472 593320.707204 4523321.016758 1 0.0000
473 598090.773349 4524281.752449 1 0.0000
474 594219.948722 4525726.513513 1 0.0000
475 597131.846923 4519385.848057 1 0.0000
476 592679.215131 4521053.167827 1 0.0000
477 593797.035967 4520941.893196 1 0.0000
478 593001.188086 4524776.141439 1 0.0000
479 597371.452746 4522878.447611 1 0.0000
480 591815.612795 4521612.558198 1 0.0000
481 598676.924447 4520263.135378 1 0.0000
482 597371.452746 4522878.447611 1 0.0000
483 591232.751299 4520669.458855 1 0.0000
484 597371.452746 4522878.447611 1 0.0000
485 597371.452746 4522878.447611 1 0.0000
486 590896.042982 4520961.209226 1 0.0000
487 596657.943223 4523262.503415 1 0.0000
488 590355.345804 4517924.467102 1 0.0000
489 596331.825352 4520996.406444 1 0.0000
490 594138.919070 4516454.901075 1 0.0000
491 592193.837844 4523957.850989 1 0.0000
492 594091.613487 4522766.967670 1 0.0000
493 591266.052485 4517455.810661 1 0.0000
494 598731.718613 4522138.518185 1 0.0000
495 593446.418899 4526403.032550 1 0.0000
496 592490.977020 4518854.795268 1 0.0000
497 594707.898650 4519578.836461 1 0.0000
498 596189.764107 4520974.369142 1 0.0000
499 593342.566880 4519428.571933 1 0.0000
500 592053.961136 4518776.979873 1 0.0000
501 593533.013913 4523676.325365 1 0.0000
502 593442.000616 4523987.640889 1 0.0000
503 592608.649413 4520694.298233 1 0.0000
504 592462.449548 4519539.208961 1 0.0000
505 590751.108651 4519588.558318 1 0.0000
506 593286.003752 4522810.492630 1 0.0000
507 591520.610200 4520305.538256 1 0.0000
508 595995.071883 4523802.248494 1 0.0000
509 592907.056385 4524800.054382 1 0.0000
510 593108.526681 4519589.240865 1 0.0000
511 596412.297948 4519738.758066 1 0.0000
512 598860.865826 4520781.461709 1 0.0000
513 590816.960567 4519746.247732 1 0.0000
514 590909.041704 4522946.396152 1 0.0000
515 593716.907665 4518909.915186 1 0.0000
516 594200.106767 4522766.377121 1 0.0000
517 593005.631745 4522437.952947 1 0.0000
518 592744.222164 4520216.496849 1 0.0000
519 591798.028520 4526035.893124 1 0.0000
520 591376.668712 4521837.319615 1 0.0000
521 594764.295104 4525211.933008 1 0.0000
522 592356.916281 4523553.499680 1 0.0000
523 592801.835657 4523472.947630 1 0.0000
524 590896.042982 4520961.209226 1 0.0000
525 592713.088056 4525267.438404 1 0.0000
526 593836.474827 4520610.180576 1 0.0000
527 593274.698125 4519634.713378 1 0.0000
528 590899.967914 4518800.691049 1 0.0000
529 595439.696940 4528164.632505 1 0.0000
530 592791.274554 4527013.250251 1 0.0000
531 594801.256467 4526218.293390 1 0.0000
532 593264.007256 4523002.225457 1 0.0000
533 596272.614191 4519214.235524 1 0.0000
534 594442.103218 4519825.079925 1 0.0000
535 591970.732348 4518138.831136 1 0.0000
536 591421.228032 4518946.509026 1 0.0000
537 592508.250650 4520813.523138 1 0.0000
538 594277.100955 4521680.565268 1 0.0000
539 592014.642826 4522517.150265 1 0.0000
540 598301.851838 4526426.484143 1 0.0000
541 591949.252482 4518365.613174 1 0.0000
542 596453.942365 4528531.545041 1 0.0000
543 597544.050083 4526525.708013 1 0.0000
544 593584.811396 4523890.535925 1 0.0000
545 594007.732512 4521198.141405 1 0.0000
546 594171.028462 4523338.341157 1 0.0000
547 592163.146691 4525685.045834 1 0.0000
548 594474.352057 4524930.396897 1 0.0000
549 593589.084467 4523889.975702 1 0.0000
550 592977.750141 4522130.766089 1 0.0000
551 597904.189291 4521725.298604 1 0.0000
552 591169.440586 4519968.457433 1 0.0000
553 592205.802458 4527153.140950 1 0.0000
554 591054.494013 4518504.424633 1 0.0000
555 593227.386347 4520069.030594 1 0.0000
556 590281.289247 4519154.134639 1 0.0000
557 590804.592397 4518933.686570 1 0.0000
558 593589.084467 4523889.975702 1 0.0000
559 591123.762654 4518522.889016 1 0.0000
560 591783.136343 4520773.253356 1 0.0000
561 593001.188086 4524776.141439 1 0.0000
562 590968.656591 4519671.490220 1 0.0000
563 595691.702442 4522908.036463 1 0.0000
564 590351.396449 4520327.852879 1 0.0000
565 593907.231101 4520578.380997 1 0.0000
566 591403.857720 4517262.961439 1 0.0000
567 592107.973038 4518904.060382 1 0.0000
568 594091.613487 4522766.967670 1 0.0000
569 594074.639540 4525215.028222 1 0.0000
570 592846.669744 4522882.272546 1 0.0000
571 593349.414018 4521820.215566 1 0.0000
572 599574.824150 4518807.880266 1 0.0000
573 595890.333902 4525609.368563 1 0.0000
574 593142.035424 4524423.951020 1 0.0000
575 593342.566880 4519428.571933 1 0.0000
576 593258.936986 4522538.664419 1 0.0000
577 595541.158918 4520824.962822 1 0.0000
578 596161.889722 4519784.659698 1 0.0000
579 593293.404483 4522215.427551 1 0.0000
580 591295.520928 4518158.557857 1 0.0000
581 590386.956690 4521350.944891 1 0.0000
582 593789.049151 4522282.945847 1 0.0000
583 591024.015364 4520027.745477 1 0.0000
584 591847.304570 4525937.111659 1 0.0000
585 593727.481293 4524313.006345 1 0.0000
586 593589.084467 4523889.975702 1 0.0000
587 593624.702786 4525067.579226 1 0.0000
588 596062.063503 4526902.810884 1 0.0000
589 597506.036111 4523529.077213 1 0.0000
590 598258.032358 4525433.445695 1 0.0000
591 593824.264287 4519008.959681 1 0.0000
592 598643.372786 4522296.279826 1 0.0000
593 596491.186676 4528445.730236 1 0.0000
594 595359.548513 4523921.764612 1 0.0000
595 592592.387787 4525563.177530 1 0.0000
596 591277.001637 4518232.701961 1 0.0000
597 592696.080034 4524248.206908 1 0.0000
598 597594.744357 4521683.676115 1 0.0000
599 591423.278458 4521571.513183 1 0.0000
600 593276.408154 4522182.627442 1 0.0000
601 592694.837164 4523769.757918 1 0.0000
602 591157.872977 4522824.905116 1 0.0000
603 597371.452746 4522878.447611 1 0.0000
604 593307.713882 4522510.271468 1 0.0000
605 595909.407707 4527408.152067 1 0.0000
606 592853.436021 4522075.714563 1 0.0000
607 590572.552060 4521243.054113 1 0.0000
608 596065.641461 4519032.080248 1 0.0000
609 592517.717507 4520571.367116 1 0.0000
610 599634.248266 4520171.050610 1 0.0000
611 590798.391641 4520973.199266 1 0.0000
612 596463.679081 4522554.207531 1 0.0000
613 594304.425712 4523291.714890 1 0.0000
614 595995.071883 4523802.248494 1 0.0000
615 595602.813110 4521350.727944 1 0.0000
616 593589.084467 4523889.975702 1 0.0000
617 591532.457547 4526929.086334 1 0.0000
618 590231.291126 4520945.701709 1 0.0000
619 592854.063848 4519750.285385 1 0.0000
620 592312.178849 4521412.224110 1 0.0000
621 594392.562593 4521549.931638 1 0.0000
622 595371.387831 4525420.600985 1 0.0000
623 596412.297948 4519738.758066 1 0.0000
624 592292.445051 4520684.596635 1 0.0000
625 591004.977387 4526234.054732 1 0.0000
626 596252.566175 4522147.411408 1 0.0000
627 594525.744400 4520667.411075 1 0.0000
628 596433.018575 4518830.266358 1 0.0000
629 590206.772077 4518874.453486 1 0.0000
630 591563.188889 4526906.581848 1 0.0000
631 596654.680569 4526938.224355 1 0.0000
632 597242.924217 4521055.862302 1 0.0000
633 593589.084467 4523889.975702 1 0.0000
634 595720.186522 4520411.342609 1 0.0000
635 593795.765721 4520545.721948 1 0.0000
636 590932.263504 4518079.755237 1 0.0000
637 596189.764107 4520974.369142 1 0.0000
638 597371.452746 4522878.447611 1 0.0000
639 593276.341223 4523950.704760 1 0.0000
640 592305.558849 4518786.857723 1 0.0000
641 597371.452746 4522878.447611 1 0.0000
642 599654.448007 4519735.806534 1 0.0000
643 591302.793524 4522889.944447 1 0.0000
644 593589.084467 4523889.975702 1 0.0000
645 593589.084467 4523889.975702 1 0.0000
646 590792.366072 4519685.020153 1 0.0000
647 592332.443487 4521665.994713 1 0.0000
648 596031.331746 4521212.085317 1 0.0000
649 592038.791542 4523578.513868 1 0.0000
650 591603.128049 4523195.364408 1 0.0000
651 590421.944530 4518203.752594 1 0.0000
652 598257.419359 4525567.218821 1 0.0000
653 598675.893801 4524920.766588 1 0.0000
654 592415.984781 4519097.727675 1 0.0000
655 591836.074457 4519151.146504 1 0.0000
656 596520.309474 4521223.148895 1 0.0000
657 596218.283586 4522534.647622 1 0.0000
658 591157.872977 4522824.905116 1 0.0000
659 597684.234109 4526632.139583 1 0.0000
660 597371.452746 4522878.447611 1 0.0000
661 593589.084467 4523889.975702 1 0.0000
662 590894.249353 4526216.944411 1 0.0000
663 591347.253507 4523399.967649 1 0.0000
664 592190.300533 4520663.013403 1 0.0000
665 590977.005242 4526335.212684 1 0.0000
666 592238.828450 4519908.434977 1 0.0000
667 593038.796949 4524845.136294 1 0.0000
668 592963.434267 4524105.899922 1 0.0000
669 592490.977020 4518854.795268 1 0.0000
670 595890.333902 4525609.368563 1 0.0000
671 591798.028520 4526035.893124 1 0.0000
672 592052.165583 4518132.751107 1 0.0000
673 593257.464282 4518821.177482 1 0.0000
674 592836.261527 4524941.862489 1 0.0000
675 595654.902115 4525624.660316 1 0.0000
676 597459.298786 4526635.360853 1 0.0000
677 596139.270211 4524158.388587 1 0.0000
678 594462.950065 4525635.428492 1 0.0000
679 592088.028543 4522041.381869 1 0.0000
680 591754.971520 4518005.944812 1 0.0000
681 592626.060136 4521491.989579 1 0.0000
682 595629.871401 4519753.299654 1 0.0000
683 594200.106767 4522766.377121 1 0.0000
684 592375.977477 4520200.715600 1 0.0000
685 594135.376946 4516551.766688 1 0.0000
686 591843.799583 4519569.330200 1 0.0000
687 591226.162733 4521914.528465 1 0.0000
688 593077.832530 4525349.615516 1 0.0000
689 592557.199681 4524001.004528 1 0.0000
690 591232.751299 4520669.458855 1 0.0000
691 591302.723385 4518996.657970 1 0.0000
692 593546.199804 4521132.233901 1 0.0000
693 599747.045572 4518804.053358 1 0.0000
694 595298.051949 4524904.146983 1 0.0000
695 593412.908727 4526348.711631 1 0.0000
696 590363.394417 4520317.934024 1 0.0000
697 597847.181049 4527387.012572 1 0.0000
698 590982.123196 4520040.371672 1 0.0000
699 596399.250072 4520428.535327 1 0.0000
700 598912.493093 4519621.297555 1 0.0000
701 591266.052485 4517455.810661 1 0.0000
702 592262.763069 4518531.307438 1 0.0000
703 593780.062941 4526273.368020 1 0.0000
704 596692.756792 4519703.253835 1 0.0000
705 593751.666886 4522808.188669 1 0.0000
706 593589.084467 4523889.975702 1 0.0000
707 592941.007051 4523240.804162 1 0.0000
708 593908.382336 4522934.614697 1 0.0000
709 598091.226339 4520075.136301 1 0.0000
710 594353.975296 4519509.587071 1 0.0000
711 591711.024025 4523140.220387 1 0.0000
712 592246.673923 4523173.455659 1 0.0000
713 592462.449548 4519539.208961 1 0.0000
714 597847.181049 4527387.012572 1 0.0000
715 597371.452746 4522878.447611 1 0.0000
716 594241.507838 4525626.500407 1 0.0000
717 592188.187854 4518550.569409 1 0.0000
718 593585.218494 4522333.034360 1 0.0000
719 592720.754965 4518693.773445 1 0.0000
720 594775.255179 4525506.433649 1 0.0000
721 594249.347781 4523017.737459 1 0.0000
722 590568.995426 4518001.867641 1 0.0000
723 595187.414301 4518014.302282 1 0.0000
724 594200.106767 4522766.377121 1 0.0000
725 593970.319662 4518867.703523 1 0.0000
726 593589.084467 4523889.975702 1 0.0000
727 592153.699025 4519624.060307 1 0.0000
728 592851.429137 4519660.663792 1 0.0000
729 595765.389172 4519039.626568 1 0.0000
730 591783.136343 4520773.253356 1 0.0000
731 592187.090775 4525723.106589 1 0.0000
732 595884.170160 4519553.244913 1 0.0000
733 597506.036111 4523529.077213 1 0.0000
734 592115.088962 4524983.300304 1 0.0000
735 593688.411178 4522529.852390 1 0.0000
736 592918.053927 4519082.731814 1 0.0000
737 592371.732025 4522308.824992 1 0.0000
738 593309.331948 4519243.218319 1 0.0000
739 591123.762654 4518522.889016 1 0.0000
740 591169.440586 4519968.457433 1 0.0000
741 591595.345302 4521260.514144 1 0.0000
742 592014.642826 4522517.150265 1 0.0000
743 593442.000616 4523987.640889 1 0.0000
744 592566.653583 4524827.860410 1 0.0000
745 593797.035967 4520941.893196 1 0.0000
746 591738.976152 4518847.438128 1 0.0000
747 592681.658592 4521453.312498 1 0.0000
748 591232.751299 4520669.458855 1 0.0000
749 590751.108651 4519588.558318 1 0.0000
750 590998.879866 4517823.015663 1 0.0000
751 594621.042789 4520648.079837 1 0.0000
752 593001.188086 4524776.141439 1 0.0000
753 593496.561865 4524653.807724 1 0.0000
754 597371.452746 4522878.447611 1 0.0000
755 597371.452746 4522878.447611 1 0.0000
756 593027.586701 4522303.206057 1 0.0000
757 598860.865826 4520781.461709 1 0.0000
758 596414.170082 4520349.473544 1 0.0000
759 597210.665799 4527753.048107 1 0.0000
760 593481.998728 4521818.071135 1 0.0000
761 591532.457547 4526929.086334 1 0.0000
762 597707.859104 4526564.757572 1 0.0000
763 592909.686593 4520671.220702 1 0.0000
764 592143.594303 4524034.679311 1 0.0000
765 592691.264303 4520290.857448 1 0.0000
766 594707.898650 4519578.836461 1 0.0000
767 598090.773349 4524281.752449 1 0.0000
768 593342.566880 4519428.571933 1 0.0000
769 594013.012109 4520842.270404 1 0.0000
770 593533.013913 4523676.325365 1 0.0000
771 591076.436670 4518824.949546 1 0.0000
772 593264.007256 4523002.225457 1 0.0000
773 596797.125995 4525912.576306 1 0.0000
774 591840.241864 4526101.893707 1 0.0000
775 598258.032358 4525433.445695 1 0.0000
776 597904.189291 4521725.298604 1 0.0000
777 591958.593866 4519229.946243 1 0.0000
778 594120.513433 4515930.851387 1 0.0000
779 593908.382336 4522934.614697 1 0.0000
780 593117.088987 4523672.795952 1 0.0000
781 591580.690270 4522037.420700 1 0.0000
782 592184.928308 4518328.685296 1 0.0000
783 594725.185316 4526101.624077 1 0.0000
784 592363.772278 4519400.647638 1 0.0000
785 596457.094864 4519658.512982 1 0.0000
786 591554.800517 4518884.343477 1 0.0000
787 592088.028543 4522041.381869 1 0.0000
788 592694.837164 4523769.757918 1 0.0000
789 594259.916847 4526202.664153 1 0.0000
790 591557.364705 4518419.043643 1 0.0000
791 593728.976642 4522393.183888 1 0.0000
792 591738.976152 4518847.438128 1 0.0000
793 594200.106767 4522766.377121 1 0.0000
794 592423.751691 4523224.539206 1 0.0000
795 594621.042789 4520648.079837 1 0.0000
796 595973.067816 4526156.708989 1 0.0000
797 590816.960567 4519746.247732 1 0.0000
798 596930.796283 4520448.006140 1 0.0000
799 591193.128158 4521604.845695 1 0.0000
800 593589.084467 4523889.975702 1 0.0000
801 590751.108651 4519588.558318 1 0.0000
802 592801.835657 4523472.947630 1 0.0000
803 594392.562593 4521549.931638 1 0.0000
804 591054.494013 4518504.424633 1 0.0000
805 593436.019671 4520399.306451 1 0.0000
806 594200.106767 4522766.377121 1 0.0000
807 596272.614191 4519214.235524 1 0.0000
808 591123.762654 4518522.889016 1 0.0000
809 596654.680569 4526938.224355 1 0.0000
810 592088.985560 4519713.828855 1 0.0000
811 597242.924217 4521055.862302 1 0.0000
812 592471.200294 4525394.493178 1 0.0000
813 593787.588382 4523665.822912 1 0.0000
814 593573.950102 4520943.613810 1 0.0000
815 595439.696940 4528164.632505 1 0.0000
816 593589.084467 4523889.975702 1 0.0000
817 590932.263504 4518079.755237 1 0.0000
818 590215.253326 4518905.632982 1 0.0000
819 590968.656591 4519671.490220 1 0.0000
820 597371.452746 4522878.447611 1 0.0000
821 594976.919267 4519985.071459 1 0.0000
822 592606.346554 4519667.315556 1 0.0000
823 592589.795184 4518847.388990 1 0.0000
824 591218.874993 4521832.166846 1 0.0000
825 594810.214632 4521802.752381 1 0.0000
826 593523.935770 4518969.880364 1 0.0000
827 596065.641461 4519032.080248 1 0.0000
828 593293.404483 4522215.427551 1 0.0000
829 592977.750141 4522130.766089 1 0.0000
830 598676.924447 4520263.135378 1 0.0000
831 591084.613386 4521500.607522 1 0.0000
832 597497.197230 4521339.122553 1 0.0000
833 593005.631745 4522437.952947 1 0.0000
834 591392.456739 4522696.851850 1 0.0000
835 592356.916281 4523553.499680 1 0.0000
836 590896.042982 4520961.209226 1 0.0000
837 590807.313542 4520004.247413 1 0.0000
838 591367.447427 4522618.553960 1 0.0000
839 591245.269848 4517755.126646 1 0.0000
840 592534.101716 4520871.413131 1 0.0000
841 594474.352057 4524930.396897 1 0.0000
842 593188.967802 4520605.232139 1 0.0000
843 592533.976346 4523953.201410 1 0.0000
844 595532.614511 4522989.415015 1 0.0000
845 592854.063848 4519750.285385 1 0.0000
846 598258.032358 4525433.445695 1 0.0000
847 596189.764107 4520974.369142 1 0.0000
848 590281.289247 4519154.134639 1 0.0000
849 598301.851838 4526426.484143 1 0.0000
850 592462.449548 4519539.208961 1 0.0000
851 592312.178849 4521412.224110 1 0.0000
852 592889.360797 4521678.140054 1 0.0000
853 591090.823907 4519139.903615 1 0.0000
854 593589.084467 4523889.975702 1 0.0000
855 593624.702786 4525067.579226 1 0.0000
856 595995.071883 4523802.248494 1 0.0000
857 595602.813110 4521350.727944 1 0.0000
858 592744.222164 4520216.496849 1 0.0000
859 593258.936986 4522538.664419 1 0.0000
860 590386.956690 4521350.944891 1 0.0000
861 598259.095475 4525633.975807 1 0.0000
862 591004.977387 4526234.054732 1 0.0000
863 595359.548513 4523921.764612 1 0.0000
864 596010.993980 4522113.267338 1 0.0000
865 595691.702442 4522908.036463 1 0.0000
866 593589.084467 4523889.975702 1 0.0000
867 592130.165904 4525824.542746 1 0.0000
868 593038.796949 4524845.136294 1 0.0000
869 592210.243500 4520437.433313 1 0.0000
870 591970.732348 4518138.831136 1 0.0000
871 591421.228032 4518946.509026 1 0.0000
872 599273.839125 4524356.204283 1 0.0000
873 591949.252482 4518365.613174 1 0.0000
874 591423.278458 4521571.513183 1 0.0000
875 593276.408154 4522182.627442 1 0.0000
876 594074.639540 4525215.028222 1 0.0000
877 592014.642826 4522517.150265 1 0.0000
878 591520.610200 4520305.538256 1 0.0000
879 592361.031536 4523246.373707 1 0.0000
880 597785.238057 4522135.033832 1 0.0000
881 592270.216448 4519240.509354 1 0.0000
882 599574.824150 4518807.880266 1 0.0000
883 591497.811898 4517869.234079 1 0.0000
884 597206.423635 4522198.520157 1 0.0000
885 592143.594303 4524034.679311 1 0.0000
886 595723.850182 4522280.644139 1 0.0000
887 591277.001637 4518232.701961 1 0.0000
888 590483.220560 4520739.528560 1 0.0000
889 593789.049151 4522282.945847 1 0.0000
890 598869.100982 4525988.344507 1 0.0000
891 591847.304570 4525937.111659 1 0.0000
892 593722.343494 4521185.134045 1 0.0000
893 593227.386347 4520069.030594 1 0.0000
894 594525.744400 4520667.411075 1 0.0000
895 591376.668712 4521837.319615 1 0.0000
896 596252.566175 4522147.411408 1 0.0000
897 592889.360797 4521678.140054 1 0.0000
898 592854.978985 4519402.897997 1 0.0000
899 597210.665799 4527753.048107 1 0.0000
900 596520.309474 4521223.148895 1 0.0000
901 593751.666886 4522808.188669 1 0.0000
902 593438.529323 4525759.642884 1 0.0000
903 592941.007051 4523240.804162 1 0.0000
904 596930.796283 4520448.006140 1 0.0000
905 590281.640097 4520378.862458 1 0.0000
906 595187.414301 4518014.302282 1 0.0000
907 590298.540600 4520366.560847 1 0.0000
908 596126.669124 4524180.406893 1 0.0000
909 593688.411178 4522529.852390 1 0.0000
910 592854.978985 4519402.897997 1 0.0000
911 591226.162733 4521914.528465 1 0.0000
912 594573.016145 4525550.444343 1 0.0000
913 591302.723385 4518996.657970 1 0.0000
914 593589.084467 4523889.975702 1 0.0000
915 598091.226339 4520075.136301 1 0.0000
916 593589.084467 4523889.975702 1 0.0000
917 590998.879866 4517823.015663 1 0.0000
918 590648.931580 4517752.898121 1 0.0000
919 590889.830873 4519903.102663 1 0.0000
920 592312.204516 4518498.045015 1 0.0000
921 591836.074457 4519151.146504 1 0.0000
922 597847.181049 4527387.012572 1 0.0000
923 592053.961136 4518776.979873 1 0.0000
924 596124.160293 4520180.388264 1 0.0000
925 591949.252482 4518365.613174 1 0.0000
926 593001.188086 4524776.141439 1 0.0000
927 591177.976811 4520181.869151 1 0.0000
928 592270.216448 4519240.509354 1 0.0000
929 598860.865826 4520781.461709 1 0.0000
930 592800.583843 4524890.565238 1 0.0000
931 593434.649611 4520359.065154 1 0.0000
932 592389.336312 4520418.754414 1 0.0000
933 597707.859104 4526564.757572 1 0.0000
934 598086.290980 4520107.078241 1 0.0000
935 592836.261527 4524941.862489 1 0.0000
936 592691.264303 4520290.857448 1 0.0000
937 593749.226569 4519068.745946 1 0.0000
938 592078.813640 4519376.676372 1 0.0000
939 592617.561093 4526027.273650 1 0.0000
940 591392.456739 4522696.851850 1 0.0000
941 592226.626011 4526130.379903 1 0.0000
942 597371.452746 4522878.447611 1 0.0000
943 591208.525238 4522338.517799 1 0.0000
944 593307.713882 4522510.271468 1 0.0000
945 591497.811898 4517869.234079 1 0.0000
946 596399.250072 4520428.535327 1 0.0000
947 593346.382128 4521204.614910 1 0.0000
948 596830.637681 4524525.482909 1 0.0000
949 593589.084467 4523889.975702 1 0.0000
950 595890.333902 4525609.368563 1 0.0000
951 590355.345804 4517924.467102 1 0.0000
952 593531.149229 4518230.369368 1 0.0000
953 591642.494504 4518623.272446 1 0.0000
954 591303.230087 4522744.894836 1 0.0000
955 593161.116487 4523019.335730 1 0.0000
956 593022.756340 4519708.328254 1 0.0000
957 592909.686593 4520671.220702 1 0.0000
958 591153.243557 4521414.846030 1 0.0000
959 597373.933181 4520924.795354 1 0.0000
960 593481.998728 4521818.071135 1 0.0000
961 593589.084467 4523889.975702 1 0.0000
962 592427.815909 4522467.927804 1 0.0000
963 596025.831891 4521079.766083 1 0.0000
964 595433.293240 4519220.815268 1 0.0000
965 602532.987991 4521850.930811 1 0.0000
966 591815.612795 4521612.558198 1 0.0000
967 590645.588058 4518420.225064 1 0.0000
968 591595.345302 4521260.514144 1 0.0000
969 591218.734762 4521791.026546 1 0.0000
970 592064.651019 4526091.047547 1 0.0000
971 595433.293240 4519220.815268 1 0.0000
972 594241.507838 4525626.500407 1 0.0000
973 592789.448246 4522262.091817 1 0.0000
974 598542.866942 4526429.541045 1 0.0000
975 593606.106318 4518979.349655 1 0.0000
976 591304.519840 4519507.108230 1 0.0000
977 595690.633572 4524069.685635 1 0.0000
978 594500.371929 4526201.143768 1 0.0000
979 593589.084467 4523889.975702 1 0.0000
980 599654.448007 4519735.806534 1 0.0000
981 592088.985560 4519713.828855 1 0.0000
982 591888.292577 4523655.112489 1 0.0000
983 594200.106767 4522766.377121 1 0.0000
984 596157.992455 4522664.082079 1 0.0000
985 598675.893801 4524920.766588 1 0.0000
986 594764.295104 4525211.933008 1 0.0000
987 591058.670889 4518645.868334 1 0.0000
988 590982.123196 4520040.371672 1 0.0000
989 597754.560047 4526211.182943 1 0.0000
990 592262.763069 4518531.307438 1 0.0000
991 592918.053927 4519082.731814 1 0.0000
992 593780.062941 4526273.368020 1 0.0000
993 597785.238057 4522135.033832 1 0.0000
994 592854.063848 4519750.285385 1 0.0000
995 593589.084467 4523889.975702 1 0.0000
996 591783.136343 4520773.253356 1 0.0000
997 599081.345068 4524400.631757 1 0.0000
998 591360.893432 4525861.772688 1 0.0000
999 592246.673923 4523173.455659 1 0.0000
1000 592423.751691 4523224.539206 1 0.0000
1001 593594.711550 4521981.781876 1 0.0000
1002 592486.504616 4521384.044703 1 0.0000
1003 597371.452746 4522878.447611 1 0.0000
1004 592375.977477 4520200.715600 1 0.0000
1005 593722.343494 4521185.134045 1 0.0000
1006 594200.106767 4522766.377121 1 0.0000
1007 590535.643209 4518895.574359 1 0.0000
1008 590535.643209 4518895.574359 1 0.0000
1009 590277.641121 4520382.168787 1 0.0000
1010 591843.799583 4519569.330200 1 0.0000
1011 593908.382336 4522934.614697 1 0.0000
1012 596927.469483 4521087.004501 1 0.0000
1013 592964.475946 4519046.997644 1 0.0000
1014 590289.936707 4520372.861875 1 0.0000
1015 592184.928308 4518328.685296 1 0.0000
1016 591089.546915 4520694.336888 1 0.0000
1017 594171.028462 4523338.341157 1 0.0000
1018 593589.084467 4523889.975702 1 0.0000
1019 592161.101200 4523755.741461 1 0.0000
1020 593117.088987 4523672.795952 1 0.0000
1021 602449.376268 4522555.455630 1 0.0000
1022 591847.304570 4525937.111659 1 0.0000
1023 593412.908727 4526348.711631 1 0.0000
1024 593589.084467 4523889.975702 1 0.0000
1025 594976.919267 4519985.071459 1 0.0000
1026 602024.857745 4523277.728133 1 0.0000
1027 592366.412741 4520852.129805 1 0.0000
1028 598880.818877 4522264.857748 1 0.0000
1029 595662.591032 4524965.914572 0 0.0005934555
1030 596860.480118 4526199.776743 0 0.0006165584
1031 593701.862294 4525344.701219 0 0.0007190775
1032 591842.609526 4523861.370228 0 0.0010764504
1033 592255.089194 4523753.067164 0 0.0010865579
1034 592438.938538 4523542.568214 0 0.0010071417
1035 596798.187198 4527154.048722 0 0.0008836856
1036 592605.015352 4518803.038441 0 0.0005277567
1037 593412.122149 4524779.293270 0 0.0006800914
1038 596099.497638 4527526.319900 0 0.0009147301
1039 591535.989784 4518150.900000 0 0.0011638082
1040 593425.322736 4522330.010313 0 0.0008143769
1041 591886.057721 4521351.923864 0 0.0006208902
1042 594946.254952 4528105.206409 0 0.0005320885
1043 592013.765122 4522726.438292 0 0.0007927180
1044 595655.706543 4526884.621644 0 0.0006425492
1045 596765.298226 4521833.029914 0 0.0005840700
1046 590578.108281 4521073.612319 0 0.0005270347
1047 596220.697434 4525571.871786 0 0.0007234093
1048 592112.812642 4523252.722458 0 0.0005970654
1049 596548.422887 4525981.342536 0 0.0009298914
1050 591240.569583 4522736.459712 0 0.0009854827
1051 592082.279614 4519376.721320 0 0.0011508128
1052 595984.502808 4521203.598127 0 0.0011334856
1053 598857.178406 4521270.189455 0 0.0007039162
1054 590751.916938 4521612.291644 0 0.0011551446
1055 597225.391210 4521420.198992 0 0.0008223185
1056 591343.209943 4520017.125703 0 0.0011197683
1057 591224.661308 4521057.452646 0 0.0014670336
1058 595572.970224 4524315.772686 0 0.0010324105
1059 597040.310349 4523885.823519 0 0.0005263127
1060 593790.781547 4522583.926370 0 0.0005717966
1061 594199.081773 4523031.775723 0 0.0006057289
1062 593533.860572 4525077.626711 0 0.0011269879
1063 593744.504444 4524941.164002 0 0.0011883550
1064 593733.631205 4524850.593720 0 0.0008021035
1065 595794.215687 4527235.553158 0 0.0006735937
1066 595839.324928 4527052.385466 0 0.0012309509
1067 593558.632702 4525526.202500 0 0.0023268944
1068 593863.250350 4525310.533463 0 0.0004909364
1069 593888.901221 4525100.399458 0 0.0006605983
1070 593998.057165 4525235.104716 0 0.0008995688
1071 593817.299711 4525192.701450 0 0.0007558977
1072 596723.694222 4528705.718846 0 0.0008324261
1073 596408.871095 4528760.323651 0 0.0011183243
1074 593955.958955 4525045.398906 0 0.0004786630
1075 594106.077992 4525127.556496 0 0.0004302914
1076 594082.832831 4524808.469189 0 0.0007234093
1077 594157.345854 4524779.256540 0 0.0007183555
1078 596148.733326 4527814.859061 0 0.0004981561
1079 596180.185135 4527727.366116 0 0.0005414740
1080 594507.061445 4519915.510007 0 0.0010468498
1081 594623.796092 4519936.416718 0 0.0010078636
1082 594701.560835 4519951.756321 0 0.0006952526
1083 594779.485661 4519966.336802 0 0.0006916428
1084 594416.809607 4520174.073298 0 0.0007710590
1085 594652.131397 4520210.862235 0 0.0008576949
1086 594730.189319 4520227.401434 0 0.0008786318
1087 590834.614221 4522811.244345 0 0.0018713342
1088 590935.952899 4522999.481934 0 0.0014995221
1089 594752.175824 4520531.849223 0 0.0007833324
1090 594468.766096 4520752.575091 0 0.0005703526
1091 594402.779180 4520795.699690 0 0.0007407365
1092 590739.749386 4519693.775635 0 0.0012230093
1093 590970.719685 4519759.760651 0 0.0022965718
1094 594072.559348 4521060.623932 0 0.0006880330
1095 592631.273682 4523099.981097 0 0.0007660053
1096 597491.906257 4527766.096476 0 0.0005819041
1097 592202.590404 4523622.927519 0 0.0008273723
1098 594337.039499 4524902.753495 0 0.0005255908
1099 596031.682580 4525924.981762 0 0.0005530255
1100 596036.856033 4527371.922493 0 0.0009934243
1101 592912.498789 4524405.397265 0 0.0007421804
1102 595474.880413 4521760.728615 0 0.0013933932
1103 593288.390040 4523181.406176 0 0.0011212122
1104 593352.317105 4522148.749503 0 0.0006938087
1105 594097.653625 4523441.428796 0 0.0010547914
1106 592158.921231 4526532.908503 0 0.0009811509
1107 594417.090248 4526099.361652 0 0.0007400145
1108 595863.827696 4526243.432391 0 0.0010230249
1109 594019.518999 4522718.095873 0 0.0015081856
1110 595536.833516 4526140.221931 0 0.0010352983
1111 595736.275022 4524578.105560 0 0.0007790006
1112 592623.111056 4527244.788493 0 0.0008576949
1113 593953.858188 4524020.869681 0 0.0021168024
1114 591614.182287 4522061.429308 0 0.0012266192
1115 593338.703699 4524163.928588 0 0.0005631330
1116 593747.454639 4525571.512389 0 0.0006699839
1117 595691.866920 4527939.457356 0 0.0007118578
1118 594086.952231 4524922.972266 0 0.0010648989
1119 593858.174692 4524721.131987 0 0.0006006752
1120 593962.546066 4525400.813976 0 0.0011652521
1121 594344.104038 4525384.691561 0 0.0009053446
1122 593977.955343 4525533.023501 0 0.0005609671
1123 594353.575507 4522115.313080 0 0.0006180024
1124 590749.311146 4519425.634345 0 0.0000064977
1125 594631.977564 4521048.055342 0 0.0011327637
1126 594830.332088 4520553.313035 0 0.0008187087
1127 594925.435602 4520582.197559 0 0.0004266815
1128 590222.587745 4519409.944667 0 0.0003061133
1129 590678.835069 4520071.636548 0 0.0006180024
1130 590562.958907 4519982.446544 0 0.0007017503
1131 590433.850552 4519771.909873 0 0.0007457902
1132 590574.883174 4519692.846554 0 0.0014403209
1133 595103.638697 4520869.890033 0 0.0004699995
1134 595010.562695 4520844.565728 0 0.0004360671
1135 595060.622525 4521068.557975 0 0.0006483249
1136 591022.511939 4519115.735222 0 0.0006367735
1137 591156.830129 4519017.087590 0 0.0004324573
1138 591045.812205 4519442.301872 0 0.0010547914
1139 591261.201562 4519129.181707 0 0.0005768503
1140 591322.236516 4519315.418729 0 0.0006663740
1141 595113.252456 4520357.538165 0 0.0004974341
1142 595292.278968 4520312.912987 0 0.0008714122
1143 591193.546973 4519553.861418 0 0.0011219342
1144 595529.247033 4520584.174659 0 0.0005696307
1145 595722.449003 4520640.030027 0 0.0008793538
1146 596136.844253 4520772.142365 0 0.0006901989
1147 596206.433729 4520649.564493 0 0.0006237781
1148 596694.822627 4519583.603049 0 0.0009399989
1149 596740.095288 4519350.592637 0 0.0008403677
1150 592175.663634 4519087.357130 0 0.0003075572
1151 595265.046438 4521077.495085 0 0.0004375110
1152 595299.679542 4520905.973193 0 0.0007558977
1153 595337.566749 4520703.254170 0 0.0006808133
1154 596845.344737 4520313.491255 0 0.0019009348
1155 591896.193195 4519068.442656 0 0.0010280787
1156 595570.220637 4526405.916916 0 0.0007234093
1157 596216.949925 4527115.729263 0 0.0006122266
1158 597038.028707 4528808.296693 0 0.0005010440
1159 598194.375481 4521903.288128 0 0.0009392769
1160 593397.630084 4525040.624571 0 0.0008086012
1161 594439.302328 4521903.246802 0 0.0009385550
1162 592785.483046 4526358.098994 0 0.0006136706
1163 591958.608303 4526471.428738 0 0.0007234093
1164 594126.701828 4525652.961471 0 0.0007645613
1165 596779.047023 4528925.173642 0 0.0006699839
1166 597373.798465 4526145.149793 0 0.0003747000
1167 594344.616991 4526410.497697 0 0.0006714278
1168 592808.117200 4526097.814417 0 0.0006808133
1169 593251.839918 4523932.163701 0 0.0008807977
1170 596604.719551 4526684.550433 0 0.0005241469
1171 595946.624186 4527270.812044 0 0.0005523035
1172 595821.174935 4524807.112186 0 0.0011125486
1173 598212.847966 4522314.931455 0 0.0011298758
1174 594861.413300 4527908.447176 0 0.0007804446
1175 596338.668832 4526062.426718 0 0.0009515503
1176 596813.181495 4525709.076607 0 0.0006237781
1177 593195.356185 4525700.858324 0 0.0002988937
1178 597101.772607 4524864.247530 0 0.0007133018
1179 598709.185751 4526586.522752 0 0.0012453903
1180 596476.261603 4520650.368920 0 0.0008418116
1181 596586.526960 4520555.216005 0 0.0008223185
1182 592370.759080 4518915.644394 0 0.0006678180
1183 592227.201439 4518947.855075 0 0.0007631174
1184 592671.434829 4518457.769007 0 0.0005588012
1185 597255.278888 4518934.462938 0 0.0011255440
1186 592677.534696 4519141.592048 0 0.0004793850
1187 592926.701558 4518953.872222 0 0.0005862359
1188 592993.497869 4518903.190478 0 0.0009067885
1189 596997.282378 4519398.340672 0 0.0011890770
1190 593020.704752 4519413.867964 0 0.0007486781
1191 597547.326381 4519502.644937 0 0.0000281566
1192 597949.347950 4519776.798252 0 0.0001508908
1193 597262.555112 4519404.978790 0 0.0005977873
1194 597298.722641 4519213.398047 0 0.0013045914
1195 597003.756480 4520760.431923 0 0.0005580792
1196 596969.916955 4520923.955330 0 0.0006858671
1197 597056.546406 4520585.426698 0 0.0006577104
1198 593679.778545 4518846.215442 0 0.0012858203
1199 597285.353589 4520708.239352 0 0.0013457434
1200 597554.446513 4521132.204226 0 0.0005270347
1201 597328.331838 4520119.935626 0 0.0006288318
1202 596660.545793 4520095.963911 0 0.0010800602
1203 594095.752631 4519182.259331 0 0.0006901989
1204 598891.905642 4525412.262330 0 0.0009002908
1205 593458.985265 4522036.316173 0 0.0007537318
1206 593218.019016 4523759.358761 0 0.0004274035
1207 598835.883499 4521649.702593 0 0.0006367735
1208 600664.734553 4519425.117457 0 0.0009197839
1209 591823.762667 4527814.910464 0 0.0005754064
1210 596270.566291 4525272.580073 0 0.0006541006
1211 596086.804757 4520593.037324 0 0.0011168804
1212 592125.410555 4518733.963613 0 0.0007984937
1213 597540.159857 4524302.709161 0 0.0005768503
1214 596115.715810 4523892.004576 0 0.0012757128
1215 595645.163832 4520379.703596 0 0.0018605047
1216 595319.154454 4524498.813158 0 0.0008981249
1217 591417.070612 4521646.070274 0 0.0007436243
1218 594052.203753 4522402.285912 0 0.0008237625
1219 596706.968374 4526323.408998 0 0.0008461434
1220 597415.933691 4523415.738573 0 0.0010396301
1221 599042.797963 4519812.731354 0 0.0006743156
1222 593975.183275 4525676.774908 0 0.0007977717
1223 595990.074348 4527161.259446 0 0.0006208902
1224 592154.768765 4529145.047630 0 0.0015731625
1225 594257.170191 4522061.306020 0 0.0010093076
1226 596187.957840 4522487.821612 0 0.0006620422
1227 592203.453780 4523914.300183 0 0.0010742845
1228 591052.166030 4521066.674486 0 0.0011818573
1229 592040.863777 4520776.350621 0 0.0012829325
1230 592642.929838 4520883.261377 0 0.0011248220
1231 594797.927186 4518278.419723 0 0.0000057757
1232 593792.220781 4519850.919193 0 0.0007761128
1233 593451.738822 4520626.141843 0 0.0009472186
1234 599079.021326 4518861.228127 0 0.0007956058
1235 599766.373795 4518916.701033 0 0.0008750220
1236 592421.651394 4519580.979676 0 0.0007660053
1237 592310.155899 4519614.064323 0 0.0010100295
1238 591962.265453 4519728.131216 0 0.0005934555
1239 598824.505869 4519670.840235 0 0.0002209214
1240 599092.566970 4519632.180346 0 0.0005111515
1241 599269.548748 4519677.987619 0 0.0008071573
1242 592062.703720 4520557.472249 0 0.0007840544
1243 592132.623230 4520996.972886 0 0.0016908429
1244 592411.682119 4520886.022882 0 0.0017247753
1245 592250.024904 4520949.161764 0 0.0012490001
1246 592373.789400 4521251.411798 0 0.0007003064
1247 592457.728343 4521127.004362 0 0.0011616423
1248 592202.747016 4521166.193958 0 0.0012230093
1249 592258.134127 4521293.059416 0 0.0006042850
1250 599232.132943 4520110.295768 0 0.0010215810
1251 599932.002654 4520303.479658 0 0.0006245000
1252 599653.745345 4521028.810704 0 0.0004635018
1253 593806.487319 4521175.520473 0 0.0010266347
1254 599279.356389 4520521.422786 0 0.0006107827
1255 591108.707763 4519229.830495 0 0.0008396457
1256 594225.143087 4520444.855837 0 0.0006476029
1257 594903.622338 4520068.958492 0 0.0015139614
1258 591171.857924 4519407.974216 0 0.0011082168
1259 592269.854704 4522822.088852 0 0.0010439619
1260 592942.922573 4520638.103289 0 0.0011277099
1261 591244.114392 4519633.545726 0 0.0010908897
1262 594539.084180 4519633.906986 0 0.0010237469
1263 591359.638510 4517740.422004 0 0.0010078636
1264 591388.315307 4518259.633885 0 0.0012937619
1265 595223.225145 4520037.908310 0 0.0009082324
1266 591350.199216 4518550.633431 0 0.0007075261
1267 593513.206551 4519681.949449 0 0.0014829169
1268 598609.388047 4521180.769736 0 0.0007104139
1269 594517.993888 4525470.028418 0 0.0009363891
1270 595722.409182 4523345.659930 0 0.0009501064
1271 592575.654980 4519610.393393 0 0.0012056822
1272 595716.556023 4525388.079749 0 0.0010663428
1273 593673.104408 4521298.451669 0 0.0014475406
1274 595888.175107 4525343.364446 0 0.0005378642
1275 593704.569901 4522223.964759 0 0.0008425336
1276 594112.163194 4520881.861118 0 0.0008584168
1277 593223.978334 4521935.337420 0 0.0006728717
1278 592391.159356 4519324.620831 0 0.0013912273
1279 602505.852986 4522265.627895 0 0.0008764660
1280 595437.101323 4519181.133842 0 0.0017911961
1281 590731.997648 4518137.023409 0 0.0003479873
1282 593558.444199 4523353.024509 0 0.0007010284
1283 591636.527258 4520504.935631 0 0.0005674648
1284 591714.424564 4520484.153603 0 0.0005530255
1285 591724.298884 4520907.058876 0 0.0011226561
1286 591935.606779 4520818.443962 0 0.0007241313
1287 591836.284322 4520711.204815 0 0.0012533319
1288 592093.352783 4521185.730530 0 0.0010035319
1289 591750.985033 4521168.909883 0 0.0008771879
1290 591422.763298 4521106.649765 0 0.0004353451
1291 591369.965666 4520986.895072 0 0.0014287695
1292 591492.743577 4521202.783537 0 0.0008576949
1293 591580.904063 4521334.229119 0 0.0006670960
1294 591482.233938 4520747.938327 0 0.0006136706
1295 591407.857835 4520778.927238 0 0.0005862359
1296 591334.998027 4520808.280871 0 0.0007919960
1297 591244.972934 4520844.465935 0 0.0011212122
1298 591006.638386 4520320.515642 0 0.0008396457
1299 591058.347657 4520447.987352 0 0.0011825793
1300 591244.061043 4520379.397880 0 0.0008887394
1301 592164.530412 4519898.636441 0 0.0008959590
1302 592230.228464 4519802.040571 0 0.0008035474
1303 590469.336918 4520674.762176 0 0.0015702747
1304 590278.445802 4521225.474865 0 0.0007241313
1305 590938.173119 4520733.269338 0 0.0013233625
1306 591027.941340 4520696.648325 0 0.0005255908
1307 591153.351397 4520942.830469 0 0.0006396613
1308 591107.114830 4520859.074653 0 0.0007674492
1309 590589.621376 4521274.489363 0 0.0008995688
1310 597373.368428 4522190.276857 0 0.0002743468
1311 597134.341298 4521807.924180 0 0.0008764660
1312 597370.010896 4521594.875710 0 0.0015623330
1313 596973.724786 4521640.191388 0 0.0005024879
1314 596859.054470 4521738.959870 0 0.0010620110
1315 595273.164900 4525204.464689 0 0.0007811665
1316 596102.807129 4523284.397639 0 0.0008858515
1317 598123.196741 4520918.235739 0 0.0013739001
1318 592358.896201 4522644.476400 0 0.0014201059
1319 593818.450955 4519133.230977 0 0.0011638082
1320 593551.850928 4520045.438732 0 0.0009306134
1321 592693.847339 4520308.199707 0 0.0008663584
1322 599742.842673 4520714.537714 0 0.0011197683
1323 593582.809657 4522512.049381 0 0.0009457746
1324 596739.689757 4520783.207500 0 0.0011869111
1325 594939.643039 4520291.423172 0 0.0012894301
1326 596649.045763 4519823.741551 0 0.0004685555
1327 592920.257901 4520881.817354 0 0.0006259440
1328 595341.276837 4523406.390726 0 0.0009695995
1329 597536.038680 4526395.153526 0 0.0016042070
1330 595809.820518 4523704.175951 0 0.0008613047
1331 592895.548374 4526065.205349 0 0.0012786007
1332 597267.738913 4524202.203349 0 0.0007508440
1333 596784.319120 4523923.368614 0 0.0008093232
1334 594198.932001 4526185.920399 0 0.0008526411
1335 591470.864774 4522588.459722 0 0.0010446839
1336 592933.144784 4523874.696303 0 0.0008959590
1337 595559.107686 4522912.032898 0 0.0017211654
1338 592009.902267 4522000.933126 0 0.0008930712
1339 596422.076995 4522580.885935 0 0.0009710434
1340 591791.858407 4522441.563338 0 0.0009161740
1341 591984.775336 4523875.139345 0 0.0020063417
1342 590711.125927 4521229.043148 0 0.0008042694
1343 590948.593206 4518022.968447 0 0.0007992157
1344 596906.436309 4522206.092717 0 0.0006483249
1345 593279.235357 4520973.821045 0 0.0014843608
1346 595360.170354 4519660.431390 0 0.0011226561
1347 591458.497673 4519203.774470 0 0.0007963278
1348 597675.208278 4527823.275957 0 0.0008807977
1349 590909.469796 4517950.488216 0 0.0006663740
1350 590418.939563 4521822.771264 0 0.0011356515
1351 599083.022205 4520794.953665 0 0.0008237625
1352 596829.521890 4522443.741566 0 0.0006541006
1353 595574.230727 4520116.840832 0 0.0010179712
1354 591458.684505 4517619.023678 0 0.0012396145
1355 592098.537171 4525866.663141 0 0.0012858203
1356 592319.312159 4520572.395919 0 0.0013161429
1357 593685.567029 4520897.264500 0 0.0007948839
1358 590609.175382 4522352.836065 0 0.0009493845
1359 590818.065302 4522271.558051 0 0.0017002284
1360 590811.612947 4522544.749297 0 0.0012973718
1361 591062.525471 4522794.872291 0 0.0001927648
1362 590990.290404 4522848.138133 0 0.0002851763
1363 596857.674050 4521351.938084 0 0.0010425180
1364 591333.465519 4521964.974949 0 0.0003891393
1365 591465.101031 4521913.274424 0 0.0006822573
1366 591537.918833 4521874.971358 0 0.0009349451
1367 596585.963497 4521791.726981 0 0.0006187243
1368 596215.596745 4521640.472259 0 0.0000332104
1369 596430.739106 4521796.191642 0 0.0002960058
1370 596014.999439 4521643.149013 0 0.0033203187
1371 596375.331729 4521686.931247 0 0.0011370954
1372 596203.287907 4521773.254197 0 0.0007465122
1373 596318.581374 4521332.402425 0 0.0008273723
1374 596586.790188 4521535.473381 0 0.0004187399
1375 596494.531746 4521535.958714 0 0.0007060821
1376 596191.966642 4521449.914191 0 0.0003227185
1377 596451.349960 4521417.513819 0 0.0011392613
1378 596260.732968 4521534.604240 0 0.0009464966
1379 596393.480599 4521578.158773 0 0.0005768503
1380 596172.622648 4521293.435865 0 0.0004418428
1381 596359.738263 4521193.402080 0 0.0013428556
1382 596159.825751 4521082.046237 0 0.0009688775
1383 591156.839452 4517771.796109 0 0.0011652521
1384 591503.528062 4518714.230921 0 0.0007667272
1385 591688.384009 4518065.867899 0 0.0009298914
1386 592835.596773 4522761.201972 0 0.0007472342
1387 598467.284480 4520361.632648 0 0.0005732405
1388 602089.217376 4522627.847907 0 0.0006966966
1389 591886.960799 4519467.278081 0 0.0006346076
1390 594504.008256 4525013.579659 0 0.0005941775
1391 594636.593862 4520502.261271 0 0.0008331480
1392 592854.680981 4519929.441566 0 0.0014258816
1393 593706.926656 4519732.230159 0 0.0007703370
1394 595132.397008 4520700.283935 0 0.0013096452
1395 592882.418529 4519286.899553 0 0.0006779255
1396 594373.249872 4522222.989614 0 0.0009392769
1397 594840.750489 4525820.170103 0 0.0007645613
1398 592597.544394 4518938.642074 0 0.0007573417
1399 591650.191258 4519849.166996 0 0.0004837168
1400 592172.416759 4528848.285198 0 0.0006468810
1401 591122.156736 4526382.658993 0 0.0004606139
1402 595322.745034 4521300.675909 0 0.0006750376
1403 598221.809256 4526715.345830 0 0.0007190775
1404 592605.170023 4518703.290475 0 0.0009919804
1405 595594.277462 4528106.669343 0 0.0004837168
1406 593918.996812 4521126.017852 0 0.0007494000
1407 593963.616026 4520168.720668 0 0.0011024411
1408 597224.636132 4525981.596667 0 0.0007436243
1409 593924.689461 4522167.192067 0 0.0012771567
1410 593882.192058 4522999.753799 0 0.0009876486
1411 592780.992397 4528587.372096 0 0.0010894457
1412 592777.205542 4528960.559678 0 0.0008750220
1413 590160.445807 4521234.232876 0 0.0009457746
1414 591179.062790 4517897.187588 0 0.0007226873
1415 594010.767197 4524974.526921 0 0.0005270347
1416 592509.398300 4521330.394744 0 0.0012006284
1417 593674.333741 4521695.386373 0 0.0007768347
1418 594064.160347 4526303.711885 0 0.0012064041
1419 592562.160521 4525541.422264 0 0.0011428712
1420 591480.404532 4523783.739053 0 0.0013803978
1421 592202.953347 4524531.248545 0 0.0013948371
1422 596007.378083 4522723.246639 0 0.0006909209
1423 592159.241751 4524751.890261 0 0.0012778787
1424 591283.128157 4522535.564803 0 0.0004887706
1425 590423.485602 4521208.933242 0 0.0017269411
1426 595072.324522 4521313.169317 0 0.0005732405
1427 596952.216079 4519633.080116 0 0.0006093388
1428 592713.701077 4521917.689979 0 0.0007775567
1429 593551.887187 4521017.926956 0 0.0007219654
1430 593196.243969 4519383.730297 0 0.0010158053
1431 593676.407082 4520567.255003 0 0.0009479405
1432 598446.528060 4519037.686451 0 0.0001090168
1433 595475.627957 4522663.960379 0 0.0010497376
1434 592206.719190 4523430.662134 0 0.0007284631
1435 591403.925589 4522383.719117 0 0.0009313353
1436 597156.558763 4519961.776604 0 0.0006230561
1437 596072.377770 4518730.681641 0 0.0008086012
1438 595382.250537 4520120.851257 0 0.0003508752
1439 593598.916537 4519828.862806 0 0.0004663896
1440 596223.465817 4521173.532609 0 0.0004035786
1441 590989.095953 4522158.790080 0 0.0005956214
1442 590994.156118 4521791.699962 0 0.0011565885
1443 591046.202044 4522473.126723 0 0.0005248688
1444 591100.470894 4522352.379064 0 0.0010677868
1445 595558.115167 4521605.456466 0 0.0003689243
1446 595673.443527 4521650.423374 0 0.0004880486
1447 595884.263748 4521283.966948 0 0.0004801070
1448 595937.210467 4520983.345269 0 0.0004483405
1449 591484.707261 4522264.088034 0 0.0016778475
1450 591646.747730 4522618.387009 0 0.0009205058
1451 591777.804476 4522722.559126 0 0.0006598763
1452 591123.074018 4521244.700579 0 0.0006115047
1453 591315.571830 4521199.432342 0 0.0012836544
1454 596170.532558 4520968.914157 0 0.0005299226
1455 596470.151585 4521041.926933 0 0.0005855139
1456 596708.127874 4521093.960830 0 0.0006302758
1457 591344.242511 4521684.105549 0 0.0006743156
1458 591489.069521 4521612.484236 0 0.0011479249
1459 591573.189242 4521565.064987 0 0.0010778943
1460 595521.581886 4523342.329843 0 0.0015002440
1461 591739.816957 4521780.236630 0 0.0013341920
1462 595719.916456 4523103.505033 0 0.0009594920
1463 592111.093250 4522370.361858 0 0.0006577104
1464 592215.640218 4522272.204136 0 0.0006367735
1465 592101.567024 4522226.293756 0 0.0009486625
1466 595721.388610 4522625.267366 0 0.0010800602
1467 591853.197812 4522589.407872 0 0.0006779255
1468 591974.603536 4522564.058867 0 0.0005696307
1469 592478.120816 4523150.712071 0 0.0006728717
1470 592404.884206 4523037.476120 0 0.0006952526
1471 592395.392656 4522751.076181 0 0.0005884018
1472 592419.480506 4522850.869950 0 0.0005212590
1473 600488.629547 4518641.038072 0 0.0007970498
1474 599182.751725 4523934.283610 0 0.0004728873
1475 597796.036945 4525953.361986 0 0.0008793538
1476 595249.260545 4528280.556111 0 0.0007169116
1477 595282.470073 4528002.866785 0 0.0006901989
1478 592519.419644 4521664.638810 0 0.0009327792
1479 594131.637188 4521629.920038 0 0.0014879706
1480 592703.889758 4521449.226607 0 0.0005450838
1481 595988.526286 4525727.447753 0 0.0008317041
1482 595951.816043 4521486.583649 0 0.0019103204
1483 591116.532505 4521847.327738 0 0.0015587232
1484 591468.351701 4520412.185191 0 0.0007320729
1485 590097.885077 4520585.905759 0 0.0012006284
1486 599127.122726 4518679.386270 0 0.0006757596
1487 592443.140274 4519120.449629 0 0.0011666960
1488 593365.892878 4519319.246524 0 0.0013067573
1489 595854.584612 4519430.826597 0 0.0009125642
1490 596586.776730 4522955.491671 0 0.0009818729
1491 592168.529645 4525827.982518 0 0.0007147457
1492 592448.580194 4523970.703240 0 0.0017428244
1493 590871.976042 4518932.431838 0 0.0007327948
1494 591316.227568 4518479.160989 0 0.0008288162
1495 601207.057241 4518475.863854 0 0.0019110423
1496 595338.929708 4520528.563712 0 0.0007226873
1497 596957.097470 4518909.790258 0 0.0005884018
1498 593038.526715 4519539.671523 0 0.0008194307
1499 600227.102273 4519102.427386 0 0.0009659897
1500 591777.488271 4517825.399708 0 0.0008649145
1501 591467.979034 4517883.405772 0 0.0010504596
1502 593081.329259 4520043.211369 0 0.0014114423
1503 595521.173143 4521468.554264 0 0.0009342232
1504 596822.150133 4528354.904811 0 0.0006772035
1505 596443.524194 4527646.272293 0 0.0007501220
1506 596807.735284 4527918.736305 0 0.0007407365
1507 597142.982745 4528130.992769 0 0.0007927180
1508 597261.831816 4528369.618490 0 0.0005985093
1509 597348.005860 4528106.557196 0 0.0007133018
1510 597560.336133 4528307.019038 0 0.0006952526
1511 595798.003723 4528292.361930 0 0.0008201527
1512 598112.398758 4527380.093773 0 0.0007226873
1513 598002.667012 4525436.254274 0 0.0014359891
1514 602354.172228 4521858.875471 0 0.0008107671
1515 602079.851979 4523277.950195 0 0.0007652833
1516 591283.611226 4517478.963950 0 0.0000541474
1517 595194.576242 4519011.899582 0 0.0000028879
1518 593145.239270 4518307.273366 0 0.0000353763
1519 593193.046959 4520409.691772 0 0.0010966654
1520 592733.456053 4519607.956784 0 0.0017637614
1521 593183.830190 4520619.665316 0 0.0007970498
1522 591351.640850 4520543.374442 0 0.0011825793
1523 599676.433795 4521656.996877 0 0.0010302446
1524 592529.855628 4523069.518483 0 0.0006367735
1525 595516.028827 4522065.761217 0 0.0007270191
1526 592639.888775 4523454.406847 0 0.0004707214
1527 592557.754318 4523291.834058 0 0.0009566041
1528 592719.568918 4523636.331445 0 0.0010612891
1529 592636.666334 4523672.552615 0 0.0007912740
1530 592484.187518 4523739.334910 0 0.0005725185
1531 592558.972498 4523705.777504 0 0.0009168960
1532 595361.715883 4521971.307486 0 0.0005443619
1533 595171.940411 4521768.444753 0 0.0008649145
1534 592231.180530 4522939.338647 0 0.0006281099
1535 592353.603593 4523122.753063 0 0.0012244533
1536 591630.651838 4522767.115169 0 0.0008028255
1537 591803.177526 4522983.330967 0 0.0011724717
1538 591288.778177 4523065.907295 0 0.0008367579
1539 591434.296577 4522976.465429 0 0.0006786474
1540 591366.336046 4523011.162763 0 0.0009046226
1541 591658.757943 4523168.130812 0 0.0003638705
1542 591516.377118 4523202.402833 0 0.0011305978
1543 591131.308806 4523235.346071 0 0.0006584324
1544 591873.813718 4523311.615120 0 0.0001970965
1545 591966.323456 4523190.671617 0 0.0007234093
1546 592295.673337 4523937.880096 0 0.0006678180
1547 592256.574360 4524280.711031 0 0.0014403209
1548 592241.568565 4524348.659450 0 0.0006042850
1549 592464.302174 4524580.082198 0 0.0014013348
1550 592555.500763 4524182.064220 0 0.0014742533
1551 592665.521239 4524361.094820 0 0.0007732249
1552 598438.604129 4522581.896713 0 0.0005335324
1553 598235.195534 4522583.302664 0 0.0004382330
1554 598805.996549 4522502.103332 0 0.0004432867
1555 598708.962168 4522562.715034 0 0.0005999532
1556 592475.259263 4524879.302770 0 0.0010771723
1557 592702.127962 4524784.019452 0 0.0007075261
1558 592787.893000 4524965.615460 0 0.0007486781
1559 592538.760046 4525068.356448 0 0.0004627798
1560 596978.911948 4521140.038738 0 0.0011594764
1561 595389.309699 4523188.983169 0 0.0009854827
1562 592516.573414 4522258.267474 0 0.0011096608
1563 591326.387485 4523479.963578 0 0.0006151145
1564 597075.633503 4521525.763961 0 0.0007335168
1565 592372.537487 4522508.001764 0 0.0010815041
1566 591632.030468 4519066.917561 0 0.0007421804
1567 593732.883426 4523099.506931 0 0.0007335168
1568 592037.688247 4519041.040255 0 0.0010288006
1569 590935.521339 4521853.637927 0 0.0005898457
1570 591589.409608 4519480.677265 0 0.0020633770
1571 591083.023003 4521519.412810 0 0.0009869267
1572 591846.386811 4518775.612152 0 0.0011934087
1573 597435.377112 4525725.043675 0 0.0010237469
1574 591503.823383 4520221.134640 0 0.0007840544
1575 593314.060591 4519962.039854 0 0.0006959746
1576 596067.618634 4525001.560872 0 0.0005977873
1577 596320.602891 4525788.686690 0 0.0010432399
1578 596891.301706 4519952.751047 0 0.0008367579
1579 591163.594522 4518369.851469 0 0.0011746376
1580 595830.443608 4526859.802796 0 0.0012439463
1581 595425.239096 4521372.638354 0 0.0009349451
1582 596519.114291 4525528.353015 0 0.0007284631
1583 591826.338520 4521735.907997 0 0.0007573417
1584 591934.463768 4518546.380525 0 0.0011111047
1585 590962.025394 4521990.664478 0 0.0006042850
1586 592815.134168 4518957.853030 0 0.0013067573
1587 591285.325858 4518029.766818 0 0.0010215810
1588 590758.129110 4521826.469749 0 0.0011464810
1589 593791.536151 4520255.718758 0 0.0009327792
1590 595594.773097 4521221.101005 0 0.0015746065
1591 596596.224176 4525209.769075 0 0.0006447151
1592 595018.386091 4525990.645980 0 0.0013414116
1593 594267.883090 4516159.493056 0 0.0080073178
1594 596437.160288 4518066.807673 0 0.0008952371
1595 596727.381180 4518591.839188 0 0.0010352983
1596 596841.182997 4517859.737444 0 0.0017695371
1597 597170.002274 4518643.214472 0 0.0004707214
1598 596152.275102 4518994.589210 0 0.0005905677
1599 596403.926030 4519694.332996 0 0.0005501376
1600 596368.405022 4519262.479804 0 0.0010367423
1601 591852.702367 4517406.988786 0 0.0007147457
1602 595473.727430 4519350.980648 0 0.0005133174
1603 595623.462369 4519371.817096 0 0.0007118578
1604 590673.831028 4518031.257423 0 0.0012425024
1605 590935.671837 4517862.834513 0 0.0006107827
1606 594907.979388 4519493.600990 0 0.0014533163
1607 594525.261131 4519417.800668 0 0.0007898301
1608 594677.104791 4519453.891495 0 0.0007660053
1609 592626.326777 4525048.551633 0 0.0005660208
1610 592747.034369 4525045.195717 0 0.0010887238
1611 592257.927119 4524998.083795 0 0.0005458058
1612 592441.924006 4525102.079124 0 0.0016814573
1613 599187.794884 4522263.450902 0 0.0004822729
1614 599371.307699 4522275.002032 0 0.0006281099
1615 599217.100550 4521326.651858 0 0.0010244689
1616 599622.338329 4522471.234115 0 0.0004736093
1617 599669.570284 4522212.794742 0 0.0009407209
1618 599223.403123 4523230.024498 0 0.0003414896
1619 592454.654698 4525866.155593 0 0.0007768347
1620 592649.748334 4525977.210447 0 0.0015457278
1621 593115.583646 4526540.224423 0 0.0006432711
1622 592936.661037 4526457.399690 0 0.0008143769
1623 597888.528890 4522688.238416 0 0.0006454370
1624 592402.253335 4526847.557405 0 0.0003364359
1625 592628.386691 4526948.573922 0 0.0004454526
1626 592490.584180 4526624.708554 0 0.0006245000
1627 592440.624827 4526326.540162 0 0.0004201838
1628 592333.441581 4526155.888949 0 0.0008894613
1629 596519.318224 4523374.206015 0 0.0005024879
1630 596733.478383 4523441.413477 0 0.0005082636
1631 592205.952699 4526033.080727 0 0.0005804602
1632 590949.503051 4526049.519602 0 0.0006670960
1633 595932.178934 4522423.099538 0 0.0009154521
1634 591694.932420 4521589.417997 0 0.0008252064
1635 596368.119395 4518738.655015 0 0.0006974185
1636 595556.853955 4518899.223656 0 0.0009934243
1637 591927.101741 4517972.847564 0 0.0003703682
1638 591729.848941 4520205.943980 0 0.0007241313
1639 592911.276396 4520385.554248 0 0.0009385550
1640 595681.687633 4521471.426429 0 0.0011147145
1641 591726.001246 4522250.517767 0 0.0014446527
1642 600242.647844 4519689.509227 0 0.0012764348
1643 596784.690622 4519117.437505 0 0.0008981249
1644 593048.017916 4524361.400530 0 0.0007623954
1645 596144.689834 4519479.224137 0 0.0018966030
1646 592559.764037 4518488.472076 0 0.0006006752
1647 592608.787612 4518602.931205 0 0.0010071417
1648 594589.952875 4521347.508822 0 0.0008150989
1649 597538.983632 4525569.229910 0 0.0007400145
1650 591260.715728 4518684.597687 0 0.0013471874
1651 592418.104215 4519798.488282 0 0.0016273099
1652 595063.417848 4521993.209932 0 0.0010735625
1653 595796.412713 4522964.583519 0 0.0011349296
1654 590835.386463 4520657.459003 0 0.0019290914
1655 592958.539243 4518766.379979 0 0.0006605983
1656 592471.514199 4518948.482283 0 0.0005234249
1657 591044.766561 4519916.713550 0 0.0003775879
1658 591248.859781 4522620.578963 0 0.0010208590
1659 592672.701137 4523260.162505 0 0.0008353139
1660 590774.283369 4518510.564317 0 0.0000498156
1661 593470.497319 4524862.700271 0 0.0006115047
1662 593629.985197 4525006.333533 0 0.0015428400
1663 592102.806843 4518486.883601 0 0.0009955902
1664 591747.620060 4518396.104299 0 0.0001768815
1665 591039.577320 4518115.246312 0 0.0010634550
1666 590925.410610 4518494.729969 0 0.0019052666
1667 595517.203561 4519839.986289 0 0.0005443619
1668 595708.882329 4519653.910035 0 0.0017370487
1669 595856.480287 4519955.535354 0 0.0009529943
1670 595938.635310 4519688.630915 0 0.0005530255
1671 595728.320951 4519869.553008 0 0.0007219654
1672 590687.328655 4517799.995579 0 0.0006151145
1673 595794.629384 4519168.687040 0 0.0008266503
1674 595839.602359 4518935.148830 0 0.0014670336
1675 590501.009136 4518170.462995 0 0.0019709654
1676 591516.938882 4517996.226015 0 0.0006757596
1677 592040.330076 4518237.881249 0 0.0006086168
1678 590810.587838 4518284.470589 0 0.0012417804
1679 590640.074434 4518361.791939 0 0.0005588012
1680 596135.435296 4519786.273400 0 0.0006476029
1681 595901.433769 4520177.019305 0 0.0011861891
1682 594533.996765 4520192.328671 0 0.0016966186
1683 590288.489281 4518515.263953 0 0.0002137017
1684 590568.458934 4518618.789145 0 0.0020178932
1685 590872.315600 4518785.278824 0 0.0019630238
1686 594338.556099 4520161.754584 0 0.0009486625
1687 590832.636077 4519245.265131 0 0.0020511036
1688 591383.418159 4519594.215870 0 0.0011847452
1689 595924.481429 4520545.602467 0 0.0014908585
1690 592008.247030 4518761.919971 0 0.0008187087
1691 595469.426832 4520885.101453 0 0.0011074949
1692 595689.121223 4520875.935943 0 0.0007652833
1693 591360.199983 4525747.733643 0 0.0006562665
1694 591440.841922 4525877.888115 0 0.0012360047
1695 591813.667934 4526265.898413 0 0.0004801070
1696 598672.860005 4523270.364606 0 0.0007378486
1697 598229.234226 4522940.328836 0 0.0005963434
1698 598408.945542 4522829.451333 0 0.0006743156
1699 591263.032730 4526326.084215 0 0.0004808289
1700 599043.584659 4524170.029548 0 0.0013637926
1701 598963.439160 4523991.772749 0 0.0002923960
1702 599336.375974 4524348.388752 0 0.0000151613
1703 599195.227012 4524471.079800 0 0.0036112707
1704 599153.354349 4524319.021744 0 0.0006605983
1705 591524.427911 4526721.397958 0 0.0008165428
1706 591474.087878 4528432.314374 0 0.0010273567
1707 591469.555710 4527597.020633 0 0.0004158520
1708 591363.538373 4527069.611776 0 0.0008302602
1709 591444.076913 4526906.763392 0 0.0005356983
1710 598225.947421 4524059.433863 0 0.0010771723
1711 597829.424469 4524129.624063 0 0.0011703059
1712 592051.657365 4529660.162696 0 0.0005421960
1713 597221.791402 4527603.905170 0 0.0009371110
1714 597182.143548 4527223.861975 0 0.0011060509
1715 593952.511887 4520665.681323 0 0.0009313353
1716 598681.545107 4523123.251229 0 0.0004916584
1717 591684.861765 4527012.038150 0 0.0008649145
1718 593616.616383 4523696.524146 0 0.0007992157
1719 595459.864302 4528363.649163 0 0.0005472497
1720 596113.594737 4528042.908795 0 0.0006793694
1721 596233.775341 4527957.594280 0 0.0008786318
1722 592680.173788 4526472.626004 0 0.0008078792
1723 595315.108078 4525007.140766 0 0.0011082168
1724 596945.191929 4522041.545679 0 0.0005523035
1725 593379.772943 4526447.650878 0 0.0010526255
1726 594287.089744 4525547.991848 0 0.0004432867
1727 594915.921249 4525506.833575 0 0.0011183243
1728 592766.762014 4524639.846851 0 0.0012742689
1729 592451.832055 4524298.115484 0 0.0006988625
1730 597247.358638 4523235.738819 0 0.0008006596
1731 593773.708134 4520039.354889 0 0.0011775255
1732 597737.913963 4524892.438954 0 0.0007169116
1733 592533.674223 4524440.882824 0 0.0014901365
1734 598140.289485 4523755.664866 0 0.0009399989
1735 597104.646100 4526308.147934 0 0.0007905521
1736 592712.104452 4525786.227796 0 0.0004851607
1737 592276.324901 4525747.517363 0 0.0014655897
1738 595479.075774 4523106.226126 0 0.0004887706
1739 594780.492730 4526081.597973 0 0.0005645769
1740 594477.934379 4526635.676881 0 0.0004144081
1741 597015.661420 4524223.677038 0 0.0008187087
1742 598794.795824 4521978.841704 0 0.0009992001
1743 592397.574655 4518663.548958 0 0.0007364047
1744 592280.074692 4518693.768330 0 0.0010035319
1745 593088.240791 4519168.095893 0 0.0006844232
1746 593173.481381 4519068.935948 0 0.0009869267
1747 597217.458123 4519640.079193 0 0.0005660208
1748 593554.621539 4519146.923347 0 0.0008360359
1749 593665.349184 4518578.439327 0 0.0009760972
1750 593922.780430 4518622.376863 0 0.0007688931
1751 594224.439543 4517866.658398 0 0.0006865891
1752 594028.818058 4518929.064808 0 0.0011385394
1753 593614.299946 4519610.327900 0 0.0006180024
1754 592994.663392 4519694.403955 0 0.0011349296
1755 592790.888857 4520147.997071 0 0.0008468654
1756 599397.735646 4518941.618289 0 0.0010259128
1757 592516.828106 4520178.120527 0 0.0006714278
1758 592524.152320 4519981.554207 0 0.0010490157
1759 599462.933004 4519583.533093 0 0.0007479561
1760 592708.101246 4520774.508003 0 0.0007681711
1761 592535.182732 4520573.814950 0 0.0014215498
1762 592754.626763 4520590.545704 0 0.0012129018
1763 598875.607148 4520179.309446 0 0.0006685399
1764 593139.117299 4520764.464026 0 0.0006288318
1765 593369.813398 4519649.539783 0 0.0011695839
1766 593199.188872 4519594.635234 0 0.0003927492
1767 591211.479206 4519798.080024 0 0.0017587076
1768 591614.260619 4520351.454337 0 0.0009284475
1769 591538.455817 4520602.392489 0 0.0010894457
1770 591668.748243 4520719.344548 0 0.0011190463
1771 591961.580983 4521098.569181 0 0.0005421960
1772 591847.309375 4521116.145136 0 0.0010461278
1773 591528.573457 4520968.626289 0 0.0015125174
1774 591644.699658 4521208.929031 0 0.0010648989
1775 591205.910510 4520684.477090 0 0.0007255752
1776 592148.945665 4529267.364737 0 0.0000888017
1777 591923.456378 4528649.040791 0 0.0012316729
1778 595810.081946 4523888.645958 0 0.0007205214
1779 595812.983344 4524082.953003 0 0.0006180024
1780 595513.106044 4523819.087777 0 0.0011363735
1781 595587.997960 4524040.100095 0 0.0007234093
1782 595227.340610 4523842.244962 0 0.0011962966
1783 595363.781113 4523840.187142 0 0.0009197839
1784 595325.905529 4524200.964382 0 0.0007681711
1785 595406.287569 4524209.079070 0 0.0010121954
1786 595236.338575 4524088.761331 0 0.0005638549
1787 595243.466600 4524314.238472 0 0.0006642081
1788 594776.571478 4523581.642135 0 0.0009753752
1789 592229.615246 4527960.543178 0 0.0002613515
1790 595250.021777 4524823.890125 0 0.0007544538
1791 595239.427408 4524639.286669 0 0.0006829792
1792 595373.035598 4524639.031283 0 0.0006194463
1793 592457.883457 4529524.272612 0 0.0003378798
1794 592532.784731 4529334.154907 0 0.0005934555
1795 594366.959166 4525574.890505 0 0.0005089856
1796 594192.012748 4525843.021331 0 0.0006389393
1797 594303.211600 4525733.476834 0 0.0007060821
1798 593904.962044 4526254.129202 0 0.0008114891
1799 594625.903300 4525251.767553 0 0.0006476029
1800 594714.731395 4525164.907506 0 0.0005595232
1801 594429.742420 4525279.590815 0 0.0005876798
1802 594490.553987 4525233.152976 0 0.0010735625
1803 597946.318996 4527202.423324 0 0.0005782943
1804 597858.310443 4527480.084413 0 0.0006064509
1805 597722.163314 4527157.514471 0 0.0005479717
1806 597638.112630 4527417.423316 0 0.0007262972
1807 592154.260030 4526734.614830 0 0.0006880330
1808 593887.098469 4519456.571625 0 0.0012793226
1809 596890.386548 4526708.124030 0 0.0010555134
1810 595660.608938 4522350.317280 0 0.0010056978
1811 596506.991865 4528375.629855 0 0.0010085856
1812 595376.948068 4524798.696965 0 0.0004043006
1813 595544.471652 4524996.371267 0 0.0006721498
1814 597327.763751 4523826.794055 0 0.0006685399
1815 597565.239795 4523941.502981 0 0.0005234249
1816 591933.537694 4524600.651776 0 0.0009031787
1817 591845.227894 4522014.073125 0 0.0011233781
1818 592297.329847 4518228.726128 0 0.0011529787
1819 597804.516125 4525413.541433 0 0.0008692463
1820 596069.327770 4525196.794849 0 0.0004894925
1821 595608.472973 4523695.803385 0 0.0012201215
1822 599618.915994 4519987.854159 0 0.0008706902
1823 591995.263756 4526037.151128 0 0.0006692619
1824 591690.315206 4526382.781381 0 0.0009464966
1825 592288.604847 4525410.527503 0 0.0012006284
1826 595356.493742 4525929.833366 0 0.0005559133
1827 595600.774349 4523105.166028 0 0.0010454058
1828 595816.656835 4524319.153984 0 0.0006728717
1829 595823.821830 4525004.277551 0 0.0008410896
1830 596292.028743 4523134.768722 0 0.0006880330
1831 597421.917062 4526867.973814 0 0.0012266192
1832 596977.289597 4528073.422495 0 0.0007262972
1833 596516.587497 4527290.826911 0 0.0011544226
1834 593963.395539 4522942.696890 0 0.0009443307
1835 595533.085791 4525188.864627 0 0.0004050226
1836 593563.857762 4521635.308086 0 0.0010995532
1837 591150.262088 4520559.387709 0 0.0013717342
1838 590944.945980 4520167.883188 0 0.0012446683
1839 591079.377583 4520208.264806 0 0.0010908897
1840 591187.777643 4520150.565382 0 0.0006533787
1841 591967.328991 4520145.615675 0 0.0014468186
1842 592419.100825 4520406.246292 0 0.0005992313
1843 592228.736786 4520183.216110 0 0.0016446371
1844 590298.046608 4520805.130606 0 0.0012338388
1845 590362.335980 4520993.569582 0 0.0008981249
1846 590793.377256 4520334.074230 0 0.0018215186
1847 590916.138979 4521036.064700 0 0.0013594608
1848 597348.178671 4521847.857846 0 0.0008086012
1849 590954.623238 4522528.267228 0 0.0011038850
1850 591173.189998 4522813.279807 0 0.0007956058
1851 591629.802756 4521815.934717 0 0.0011421492
1852 590865.142770 4521478.134473 0 0.0007118578
1853 595748.273858 4521142.560418 0 0.0010648989
1854 591533.307963 4522404.345749 0 0.0005927336
1855 591279.821919 4521480.928763 0 0.0010511816
1856 591200.442952 4521344.810247 0 0.0011161585
1857 591446.050175 4521402.411543 0 0.0018085232
1858 591381.489122 4521299.974503 0 0.0008699683
1859 596651.660094 4521394.300387 0 0.0007270191
1860 595675.765287 4523493.188050 0 0.0008013816
1861 591948.624830 4522389.821122 0 0.0013905053
1862 595841.861976 4523348.449648 0 0.0014446527
1863 592195.203658 4521917.859704 0 0.0007876642
1864 592510.243607 4523398.590994 0 0.0012858203
1865 592790.312257 4523910.678039 0 0.0019399209
1866 596107.606454 4521953.762319 0 0.0000664208
1867 595994.291640 4522209.148126 0 0.0008743001
1868 595731.115572 4522090.311238 0 0.0009472186
1869 594734.709083 4525419.321647 0 0.0006952526
1870 594753.467816 4525620.411623 0 0.0006136706
1871 596860.183013 4527706.660287 0 0.0005385862
1872 596631.940455 4527555.225886 0 0.0006454370
1873 594507.664716 4526505.944784 0 0.0006093388
1874 594408.786175 4526346.176103 0 0.0009161740
1875 594506.074192 4526276.373586 0 0.0014988001
1876 594660.507932 4526159.223350 0 0.0009724873
1877 596589.658959 4528001.799811 0 0.0006786474
1878 596493.094897 4527860.952989 0 0.0004873266
1879 594175.666415 4527653.892020 0 0.0000281566
1880 597240.061370 4528808.360838 0 0.0005010440
1881 597409.363031 4528633.026078 0 0.0005436399
1882 597059.780727 4528629.450068 0 0.0004858827
1883 598623.240007 4527209.244898 0 0.0007414584
1884 599879.874188 4526951.465060 0 0.0006266659
1885 597334.773048 4526802.766575 0 0.0010172492
1886 597276.356212 4526707.480306 0 0.0000772503
1887 597183.602958 4526615.785119 0 0.0020994753
1888 598527.834057 4525751.609283 0 0.0068492854
1889 593372.534293 4520266.595745 0 0.0017226094
1890 593924.591548 4522504.506453 0 0.0008641925
1891 597246.121483 4527779.713459 0 0.0006317197
1892 594121.619885 4526245.942261 0 0.0006649301
1893 598750.130434 4522250.856803 0 0.0010280787
1894 594035.816022 4521350.575334 0 0.0006981405
1895 594862.857036 4520889.589942 0 0.0009255596
1896 592797.746736 4529195.375470 0 0.0006006752
1897 594101.241839 4521924.108392 0 0.0009385550
1898 592762.213148 4522862.700862 0 0.0004902145
1899 596110.384479 4526151.765999 0 0.0011248220
1900 593684.856536 4521916.123286 0 0.0008410896
1901 591991.178075 4523356.524749 0 0.0005450838
1902 593674.361534 4522942.489771 0 0.0010547914
1903 594230.946502 4523297.138576 0 0.0014309353
1904 594625.007928 4520777.379637 0 0.0006461590
1905 598518.122665 4521867.787152 0 0.0007212434
1906 596280.863699 4522888.098499 0 0.0007385706
1907 596080.074850 4521218.435641 0 0.0006454370
1908 592256.446107 4524163.022786 0 0.0008974029
1909 593100.594213 4524140.424854 0 0.0008143769
1910 592198.122390 4520710.789915 0 0.0008158209
1911 599954.731279 4519376.105237 0 0.0007450683
1912 598251.316424 4521655.978411 0 0.0009031787
1913 598493.747147 4521484.009548 0 0.0007320729
1914 590578.657907 4520875.718623 0 0.0013746221
1915 591620.516132 4519721.209835 0 0.0014042226
1916 599630.594969 4519280.265718 0 0.0008800758
1917 596650.778963 4522677.181204 0 0.0007602295
1918 599424.487525 4520323.710806 0 0.0006663740
1919 591652.849915 4517700.087587 0 0.0006396613
1920 592361.384513 4523371.887066 0 0.0010757284
1921 592363.249417 4523682.557199 0 0.0013486313
1922 592162.322550 4523126.578598 0 0.0007349607
1923 592230.304037 4523081.295616 0 0.0008309821
1924 591512.370649 4522938.162297 0 0.0010916116
1925 591567.945777 4523293.706354 0 0.0011334856
1926 592051.507964 4523556.436979 0 0.0012923180
1927 596633.053187 4522240.045824 0 0.0008555290
1928 598582.908471 4522434.762240 0 0.0008122110
1929 598363.537384 4522174.904879 0 0.0009436087
1930 592598.261487 4524841.094521 0 0.0011298758
1931 592738.772903 4525240.653572 0 0.0013998908
1932 592602.817212 4525344.251483 0 0.0008165428
1933 599277.080546 4521729.166150 0 0.0013197527
1934 593081.031366 4526376.438193 0 0.0009984781
1935 593253.597111 4526553.109132 0 0.0005573573
1936 593593.415340 4526418.982513 0 0.0011291538
1937 596930.569675 4522998.798862 0 0.0006086168
1938 590850.265691 4526319.983053 0 0.0006865891
1939 591131.105274 4525857.074504 0 0.0006678180
1940 591387.505903 4526128.411962 0 0.0010872798
1941 598451.680926 4523117.911823 0 0.0009277255
1942 596327.018229 4524137.646369 0 0.0009833168
1943 596551.012625 4524210.114209 0 0.0007927180
1944 596540.426314 4523815.235376 0 0.0005010440
1945 595282.228098 4523634.226420 0 0.0008548070
1946 592201.244605 4527231.189193 0 0.0005313665
1947 592297.833027 4526938.811553 0 0.0007797226
1948 598910.613026 4525753.331203 0 0.0022301510
1949 598987.646673 4525416.124912 0 0.0016843452
1950 598891.065141 4525183.609635 0 0.0026034071
1951 598622.188260 4525212.300347 0 0.0018749440
1952 598423.190856 4525412.681816 0 0.0001249000
1953 598440.313526 4525078.247716 0 0.0013053134
1954 598140.326049 4525312.978016 0 0.0011103827
1955 598097.202562 4526112.251010 0 0.0008215966
1956 598208.301362 4526296.937685 0 0.0004829948
1957 597893.595742 4526870.103830 0 0.0002382486
1958 597926.888288 4526481.480707 0 0.0009739313
1959 591949.661819 4522205.754167 0 0.0007234093
1960 592050.166769 4523815.366602 0 0.0016309198
1961 593397.346736 4523624.164666 0 0.0009840388
1962 598771.166093 4520591.763832 0 0.0009905365
1963 590704.860666 4521066.373383 0 0.0012526099
1964 596094.218273 4518509.909499 0 0.0014251596
1965 590506.391810 4521565.086401 0 0.0008613047
1966 591741.064950 4521478.692419 0 0.0005754064
1967 591746.041162 4526811.382719 0 0.0009002908
1968 590635.784417 4521777.902361 0 0.0009002908
1969 591547.031960 4526488.811182 0 0.0007190775
1970 591092.106371 4518226.043930 0 0.0007891081
1971 590301.326537 4520602.861179 0 0.0015919336
1972 596265.273168 4520321.913338 0 0.0010251908
1973 590808.944016 4521201.965748 0 0.0006764815
1974 593615.877003 4520313.597609 0 0.0012980937
1975 591965.389852 4526777.696228 0 0.0011695839
1976 596991.981871 4524710.284051 0 0.0006764815
1977 596390.012051 4522202.692047 0 0.0008685243
1978 595813.510258 4521590.523947 0 0.0001927648
1979 597041.334908 4519164.748189 0 0.0012165116
1980 591655.564484 4522953.411290 0 0.0010959434
1981 592076.746293 4522853.057878 0 0.0010446839
1982 598692.623194 4522848.051488 0 0.0007869422
1983 596418.419114 4520829.223595 0 0.0005335324
1984 593844.326995 4521787.445988 0 0.0009082324
1985 594926.568713 4525729.930816 0 0.0013977249
1986 592203.221207 4522038.169320 0 0.0006822573
1987 591912.501125 4521623.264424 0 0.0014446527
1988 591391.504183 4520168.039587 0 0.0006598763
1989 592092.930323 4522544.089644 0 0.0011197683
1990 592390.177484 4528714.042337 0 0.0007703370
1991 596717.959697 4524995.543774 0 0.0017558198
1992 596642.454325 4524826.553860 0 0.0010230249
1993 596668.882712 4524572.365052 0 0.0010013660
1994 597358.118443 4524789.371065 0 0.0005559133
1995 597318.520556 4524568.822396 0 0.0007349607
1996 597694.902856 4524562.050830 0 0.0006627642
1997 594336.870142 4521787.422080 0 0.0011710278
1998 594502.392190 4521723.775536 0 0.0008764660
1999 594083.206519 4522142.670472 0 0.0008093232
2000 594179.615626 4522313.949128 0 0.0011067729
2001 593709.590126 4522361.546286 0 0.0007833324
2002 593422.076999 4522927.693281 0 0.0005385862
2003 593316.561803 4522665.214885 0 0.0008064353
2004 593205.132769 4522425.782063 0 0.0013096452
2005 596687.032946 4525748.616483 0 0.0008309821
2006 592761.353388 4523399.614315 0 0.0010251908
2007 592915.581558 4523471.957813 0 0.0012511660
2008 592829.657144 4523585.709517 0 0.0011869111
2009 593239.316973 4523599.778651 0 0.0018150209
2010 593856.162601 4523484.878020 0 0.0008620266
2011 593128.730659 4523014.953870 0 0.0007494000
2012 593057.827148 4522715.084208 0 0.0007031943
2013 592934.048553 4522500.692854 0 0.0008569729
2014 596452.897337 4526334.267446 0 0.0008613047
2015 596537.229350 4526528.645297 0 0.0005234249
2016 593384.296142 4524478.535065 0 0.0016150365
2017 595657.181868 4524637.476675 0 0.0005956214
2018 595533.981456 4524666.580913 0 0.0008952371
2019 595857.814889 4524579.270906 0 0.0006013971
2020 596063.701265 4524680.320471 0 0.0006115047
2021 600809.958314 4525163.362248 0 0.0000281566
2022 596059.735158 4524306.525079 0 0.0008591388
2023 596228.180590 4523468.830572 0 0.0008540850
2024 599265.212261 4519327.870088 0 0.0012836544
2025 592756.446327 4523227.702552 0 0.0004988781
2026 593265.626952 4523411.579411 0 0.0004288474
2027 593105.862374 4523752.081325 0 0.0011435931
2028 596306.382566 4524576.387219 0 0.0005364203
2029 592282.428094 4522237.455491 0 0.0009103983
2030 592262.874486 4522447.688218 0 0.0013840076
2031 595461.534788 4522288.937799 0 0.0006497688
2032 591947.003066 4523004.105021 0 0.0010331324
2033 595978.595800 4523118.216659 0 0.0007948839
2034 596057.524061 4526721.835005 0 0.0004786630
2035 591205.444488 4522191.956650 0 0.0002714590
2036 596301.110430 4526623.540209 0 0.0005869578
2037 594705.443013 4525979.008628 0 0.0008764660
2038 590677.511415 4521453.714725 0 0.0010042538
2039 591253.223983 4522357.734630 0 0.0008360359
2040 597058.908420 4525246.835238 0 0.0007407365
2041 590869.548105 4519993.391513 0 0.0006411052
2042 594465.808311 4525098.437488 0 0.0009161740
2043 593853.433070 4525728.826685 0 0.0007270191
2044 598541.338283 4526895.137941 0 0.0006663740
2045 597140.399917 4522724.880184 0 0.0003826416
2046 597072.801981 4522509.463809 0 0.0004772191
2047 593816.230320 4522035.962184 0 0.0007616735
2048 592709.792368 4522704.147220 0 0.0009335012
2049 594221.776009 4519979.660040 0 0.0005176492
2050 592770.461486 4527613.009899 0 0.0007580636
2051 592234.506891 4526356.887222 0 0.0009847608
2052 592503.138767 4525705.181888 0 0.0008490313
2053 594347.441191 4525930.676638 0 0.0008945151
2054 596791.718531 4524313.818851 0 0.0004974341
2055 592787.744456 4529433.517761 0 0.0005898457
2056 596310.181500 4524897.937440 0 0.0007169116
2057 592608.218432 4528510.393398 0 0.0006100607
2058 592614.221846 4527923.317680 0 0.0006844232
2059 598190.724782 4524554.375801 0 0.0007465122
2060 597580.430776 4525300.595564 0 0.0006613203
2061 597636.959702 4525073.645882 0 0.0005450838
2062 597221.005811 4525496.178583 0 0.0008208746
2063 597347.462075 4525090.339132 0 0.0005133174
2064 594509.047840 4522116.056487 0 0.0006071729
2065 594517.985087 4522015.901874 0 0.0007522879
2066 597034.249808 4525523.140694 0 0.0005378642
2067 596825.759711 4525411.476296 0 0.0005674648
2068 593378.260964 4521851.850992 0 0.0008569729
2069 596076.668301 4525409.452637 0 0.0005190931
2070 595605.739992 4525606.037463 0 0.0006317197
2071 595521.346648 4525628.885391 0 0.0006317197
2072 595285.160662 4525551.639306 0 0.0007696151
2073 595481.578102 4525896.949005 0 0.0006093388
2074 592795.107549 4523108.400034 0 0.0009493845
2075 592889.358883 4523083.731632 0 0.0005566353
2076 595777.492812 4525994.470908 0 0.0008071573
2077 595738.120376 4525796.346898 0 0.0011183243
2078 592679.224599 4522957.299533 0 0.0006966966
2079 592575.143610 4522914.745322 0 0.0005227029
2080 592554.617318 4522664.219518 0 0.0012879862
2081 592975.187526 4523332.292308 0 0.0012417804
2082 593094.665653 4523570.524506 0 0.0013515192
2083 597106.565303 4525863.846478 0 0.0006165584
2084 596931.854621 4525762.998323 0 0.0008049914
2085 597032.118743 4525822.661347 0 0.0005696307
2086 593689.662897 4523513.258571 0 0.0008215966
2087 592619.801568 4523947.950907 0 0.0011060509
2088 596010.142574 4527593.846218 0 0.0008714122
2089 596716.318747 4520451.437388 0 0.0010685087
2090 594662.341200 4525452.453200 0 0.0006555445
2091 599451.248199 4520807.796355 0 0.0005118734
2092 596813.890939 4523218.295856 0 0.0006165584
2093 596221.292120 4526426.604415 0 0.0007638394
2094 596296.682667 4527312.832755 0 0.0010735625
2095 593685.469317 4522746.224593 0 0.0011450371
2096 593469.057169 4522582.571795 0 0.0009342232
2097 595458.089959 4525451.110114 0 0.0008158209
2098 595977.719511 4526525.257243 0 0.0008822417
2099 591784.276453 4527241.186103 0 0.0016258660
2100 596911.517001 4526016.175109 0 0.0005833480
2101 593982.658423 4524646.689602 0 0.0006685399
2102 592391.940800 4525270.255863 0 0.0017088920
2103 597006.489719 4528958.388980 0 0.0005349763
2104 593300.444883 4524588.697782 0 0.0018749440
2105 594767.500078 4521031.845828 0 0.0014504284
2106 596898.137210 4527489.223785 0 0.0009082324
2107 597446.076363 4527256.199133 0 0.0010461278
2108 593959.838899 4523436.686711 0 0.0006476029
2109 599099.562086 4526008.835930 0 0.0016229781
2110 596412.652097 4526898.997304 0 0.0011962966
2111 597040.701063 4527053.629595 0 0.0009075105
2112 594438.986143 4520473.550110 0 0.0019615799
2113 593424.061933 4523290.031105 0 0.0009010128
2114 593651.163810 4523227.459922 0 0.0005364203
2115 594598.723553 4525746.647223 0 0.0011472030
2116 594104.048303 4523261.361881 0 0.0007652833
2117 593974.882991 4523253.729752 0 0.0005147613
2118 593821.181128 4523224.309403 0 0.0007912740
2119 595702.413666 4526434.060003 0 0.0005624110
2120 594090.136035 4523006.522533 0 0.0010612891
2121 594163.982881 4522908.559135 0 0.0004497844
2122 594124.496544 4522749.220257 0 0.0008230405
2123 595579.073432 4526690.206637 0 0.0007782787
2124 595750.809701 4526662.982085 0 0.0006367735
2125 592957.049152 4522187.715100 0 0.0006837012
2126 593561.342123 4524176.949724 0 0.0005559133
2127 593418.809006 4524133.252160 0 0.0007501220
2128 593191.692142 4524330.882117 0 0.0010107515
2129 593272.944895 4524195.375732 0 0.0006360515
2130 593074.584234 4523971.757679 0 0.0007371266
2131 593013.629532 4523771.992639 0 0.0006223341
2132 592737.107147 4524118.936214 0 0.0005270347
2133 592843.680240 4524188.170885 0 0.0005219810
2134 592954.158245 4524188.297906 0 0.0007623954
2135 593018.351175 4524705.326434 0 0.0007826105
2136 593099.266019 4524656.719927 0 0.0010836700
2137 593183.687323 4524608.925536 0 0.0008728561
2138 593320.067482 4524837.699755 0 0.0010331324
2139 593248.342334 4524911.140223 0 0.0011248220
2140 593144.917325 4524899.333634 0 0.0010750064
2141 596688.082459 4526879.698306 0 0.0005977873
2142 593470.874131 4524687.837099 0 0.0007104139
2143 593559.818825 4524711.468322 0 0.0008490313
2144 593535.798650 4524298.990476 0 0.0008179868
2145 593482.044161 4524405.300144 0 0.0012287850
2146 593693.449885 4524470.311097 0 0.0008006596
2147 593762.049125 4524416.180559 0 0.0007530099
2148 593593.220938 4524533.206230 0 0.0004801070
2149 593681.343358 4524631.662833 0 0.0008743001
2150 596137.365560 4526919.127724 0 0.0007111359
2151 593624.782303 4525184.398797 0 0.0004808289
;