cam_1390_MILPA_ALTA.dat                62649.744489   -178.598772  1180.875000
cam_1800_CUAJIMALPA_DE_MORELOS.dat     78908.482683   -254.909358  1547.700000
cam_3205_LA_MAGDALENA_CONTRERAS.dat   154911.562756   -523.550115  2901.435000
cam_7256_TLAHUAC.dat                  918908.530956  -1195.764372  6738.525000
cam_7408_XOCHIMILCO.dat              2357787.461402  -1098.752688  6985.755000
cam_9673_AZCAPOTZALCO.dat             585863.520596  -1796.955138  8959.575000
cam_11096_IZTACALCO.dat               426059.232483  -2037.504150 10425.870000
cam_11410_TLALPAN.dat                3954737.695920  -1773.723204 10659.030000
cam_11476_BENITO_JUAREZ.dat           314696.196485  -2296.559628 10650.990000
cam_12319_COYOACAN.dat               2229724.411013  -2341.448703 11402.730000
cam_13802_MIGUEL_HIDALGO.dat          904714.092856  -2654.797662 12843.900000
cam_14468_VENUSTIANO_CARRANZA.dat     805251.392735  -2668.240377 13449.915000
cam_15743_ALVARO_OBREGON.dat         4193769.113800  -2839.703229 14843.850000
cam_22238_CUAUHTEMOC.dat              946218.966684  -4283.193123 20778.375000
cam_24363_GUSTAVO_A._MADERO.dat      3037953.302897  -4461.027120 22574.310000
